   -32.852628     -32.852628      0.0055029301 
   -6.1719535     -6.4835455     -0.1080364    
   -4.0523435     -4.2824091     -0.25962196   
   -2.2078351     -2.1786602     -0.073887756  
   -1.5017247     -1.6641756     -0.13362892   
   -1.1621315     -1.3506781     -0.17418352   
   -0.27662864    -0.23884242    -0.19466904   
    1.4693781      1.4420453     -0.30099263   
    0.67927257     0.78839933    -0.50926105   
    0.12595911     0.035118676   -0.76428071   
    0.15795513     0.09939519    -0.4188673    
   -0.083965064    0.0097621188  -0.83371338   
   -0.40645222    -0.37490488    -0.385906     
   -0.19455273    -0.22703594    -0.5710282    
   -0.30318509    -0.18187069    -0.37930446   
   -0.16434124    -0.31079563     0.009708335  
   -0.13549962    -0.11317091    -0.23784809   
   -0.236143      -0.19382028    -0.4195306    
   -0.18814291    -0.11544713    -0.43197757   
   -0.24922716    -0.20607746    -0.57248449   
   -0.2816967     -0.1468499     -0.33334422   
   -0.15320795    -0.069597431   -0.81521103   
   -0.016100897   -0.066711069   -0.81614555   
    0.1726451      0.074249964   -0.40033828   
   -0.034472883    0.029941409   -0.58797314   
   -0.025536426   -0.047569056   -0.41615416   
   -0.062714689   -0.056534417   -0.72038862   
   -0.18009328    -0.036283065   -0.32793095   
   -0.10141754    -0.076404199   -0.83222083   
   -0.058321455   -0.095444723   -0.42409902   
   -0.031389972   -0.023764946   -0.55339704   
   -0.010696816    0.024510965   -0.24031889   
    0.032558894    0.075186337   -0.43117845   
    0.03342696     0.14843733    -0.086716393  
    0.058312727    0.142566      -0.60730993   
   -0.013668643    0.12334907    -0.51518495   
    0.031691969    0.089506333   -0.25313582   
   -0.088234543   -0.11835178    -0.23361594   
   -0.19254478    -0.0096712161  -0.49571328   
   -0.072498375   -0.059653177   -0.75829398   
    0.0073169241   0.069760157   -0.23498727   
    0.036556475   -0.010295512   -0.41059056   
   -0.064093357   -0.05233095    -0.47575254   
    9.3467049e-05 -0.027832616   -0.19047719   
    0.025938769   -0.052582104   -0.62421596   
   -0.070042222    0.066649083   -0.088818132  
   -0.017060648   -0.10305182    -0.34265377   
    0.10864321     0.044180919   -0.012848277  
   -0.021727922    0.020772604   -0.083177805  
   -0.17302455    -0.033537289    0.10345144   
   -0.042477599   -0.031939107   -0.95075285   
    0.062777428   -0.034469521   -0.56286027   
   -0.14487199     0.011922694   -0.4311953    
   -0.031867505   -0.0066930771  -0.60541771   
   -0.11628058    -0.054824596   -0.034299802  
   -0.046701018    0.0048088024  -0.6783811    
   -0.034683698    0.021773618   -0.51280407   
   -0.12413348    -0.080781116   -0.70055538   
   -0.012249662   -0.061213302   -0.80754411   
   -0.064304896    0.013623775   -0.58587836   
   -0.024639312   -0.0079678941  -0.92383386   
   -0.19040752    -0.077661726   -0.74101842   
    0.024328295   -0.020904145   -0.83383655   
   -0.11516027     0.047508257   -0.536413     
    0.040242352    0.020531381   -0.31488496   
   -0.098293296    0.090976114   -0.52057432   
   -0.07252789    -0.15238561    -0.010858516  
   -0.0073326479  -0.15360084    -0.55587275   
    0.060344121    0.15475842     0.10773474   
   -0.02421622     0.066740187    0.034278979  
   -0.014391801    0.015148903   -0.59502003   
   -0.032254004   -0.07431926    -0.41560638   
   -0.070498267    0.060601599   -0.61702152   
   -0.062592161   -0.026338402   -0.58683104   
   -0.047300936   -0.044254892   -0.96016744   
   -0.092970985    0.0059576555  -0.12741229   
   -0.057834674   -0.095595427   -0.26827283   
   -0.028279018   -0.040819265   -0.30619579   
   -0.024906014   -0.058833241   -0.38843915   
   -0.027220404   -0.040263581   -0.38369023   
    0.068097464    0.0014836746   0.10530003   
   -0.16607201    -0.02647679    -0.6478675    
    0.022300332   -0.0077490589  -0.5096611    
   -0.089510609   -0.067761182   -0.61462112   
   -0.12173204    -0.15735186    -0.71151078   
   -0.042242683   -0.094522979   -0.52497205   
    0.065297814    0.051417427   -0.27830153   
   -0.2037941     -0.11961446    -0.71188503   
   -0.13192148    -0.079785012   -0.97011148   
   -0.0098017543  -0.076796034   -0.26646973   
    0.10896688     0.062303129   -0.0012272665 
    0.034399988    0.033147489   -0.33244039   
    0.013270539   -0.029146366   -0.26245437   
    0.062369464    0.069951669   -0.20463593   
   -0.081664618   -0.086666524   -0.5474366    
   -0.041921197    0.025115702   -0.45705658   
    0.067735135   -0.019953063   -0.45739642   
    0.016436294    0.036880372   -0.58145581   
    0.0026581248  -0.093049296   -0.74564076   
    0.0067990217   0.055572739   -0.49348182   
   -0.067082456   -0.073977875   -0.40173575   
    0.034091724    0.024483553   -0.36585046   
   -0.047627125   -0.16873513    -0.36314987   
   -0.040811474    0.072208924   -0.84940499   
   -0.11873636     0.049748788   -0.59733826   
   -0.076395525   -0.026885414   -1.0584677    
   -0.068487149   -0.037949398   -0.2999088    
    0.019544569    0.0091408013  -0.12066564   
   -0.11004016     0.0051899778  -1.1028317    
    0.080034205   -0.035443538   -0.090612606  
   -0.063101046    0.003013411   -0.33803338   
    0.037160551   -0.053816029    0.1754288    
   -0.021584475   -0.038110976    0.063309269  
    0.010036849   -0.10059047    -0.56638018   
   -0.066193068   -0.027902669    0.10639732   
    0.054974125    0.0060174946  -0.17162332   
    0.069314519    0.018080138    0.087480976  
   -0.073976535   -0.040895299   -0.36251787   
    0.013795752   -0.13695031    -0.041193488  
    0.049145094   -0.1104165     -0.05831797   
   -0.044205825   -0.13544286    -1.0456627    
   -0.080791593    0.065980723   -0.40287321   
   -0.061976877   -0.020472787   -0.48036058   
    0.0697354     -0.017416653   -0.60778493   
   -0.21092374    -0.048643322   -0.035434169  
   -0.04266851    -0.12479079    -0.14349266   
   -0.092895543    0.022689645   -0.39584454   
   -0.066225396    0.025912997   -0.53839121   
   -0.22512677    -0.14174275    -0.78627712   
   -0.16935313    -0.048876642   -0.022650451  
    0.070921711    0.0060261217  -0.034075474  
   -0.064472082    0.017470546   -0.48200408   
   -0.047856011   -0.023707605    0.134784     
    0.082441475    0.050434723    0.11199904   
    0.10534528     0.047623455   -0.75488374   
    0.040261061    0.016620819   -0.43695167   
   -0.060795691    0.04315286    -0.36661764   
   -0.15949051    -0.069699973   -0.53424458   
   -0.12147361     0.027426363   -0.15115078   
   -0.054051216   -0.018659152   -0.37714615   
    0.082021787    0.095567472    0.018892606  
    0.0022258303  -0.029667064   -0.51190331   
   -0.069960857   -0.0049944078  -0.098874483  
   -0.078153272   -0.068664073   -0.10633205   
   -0.021865877   -0.075602566   -0.15030026   
   -0.11442779    -0.12550653    -0.3629755    
   -0.12401696    -0.10877768    -0.48229006   
   -0.060202046   -0.066103794   -0.63039354   
   -0.007310324    0.038861656    0.036645234  
   -0.049886546   -0.070985673   -0.12236483   
   -0.17590747    -0.078609698   -0.51811163   
   -0.051444669    0.032475729   -0.39051126   
    0.015833324   -0.10608715     0.071556221  
   -0.026899097    0.0082576288  -0.60565533   
    0.025923224    0.040100391   -0.13554002   
   -0.1268937     -0.18179973    -0.52294609   
    0.08460452    -0.077811783   -0.62052849   
   -0.10354562    -0.054770171   -0.21172091   
   -0.10537789    -0.092006892   -0.400055     
   -0.11288875    -0.11339981    -0.55021659   
   -0.040350033   -0.053120007   -0.44773585   
   -0.070713045   -0.048190391   -0.12832214   
   -0.17700513     0.027600677   -0.54618229   
    0.10513865    -0.026753625   -0.69261354   
   -0.21091517     0.077895109   -0.35603917   
   -0.25374276    -0.1617335     -0.75286727   
   -0.02581437    -0.087327845   -0.68280625   
   -0.13466035    -0.029758908   -0.87062251   
    0.14077851     0.11261428    -0.082032539  
    0.029095948   -0.037729519   -0.34271553   
   -0.0010409964  -0.056412552   -0.22129389   
    0.0049905764  -0.12069375    -0.68385869   
   -0.15926493    -0.055131895   -0.67313885   
    0.053783535    0.13254193     0.1620839    
   -0.20983353    -0.06718761    -0.43896589   
   -0.0073094033  -0.15712804    -0.71063246   
    0.027459163    0.015828196   -0.46967757   
    0.011807275   -0.068549976    0.1293522    
   -0.040274623    0.0023479568  -0.53551617   
    0.039807433    0.26502696     0.29654363   
   -0.10657109    -0.083061058   -0.354134     
    0.11466841     0.082894763    0.30892982   
   -0.042489933   -0.046134509   -0.62129644   
    0.1877112     -0.03548442    -0.51003846   
    0.021879355    0.023532958   -0.59411246   
   -0.09092468    -0.034152807   -0.37816084   
   -0.029280683    0.015836385   -0.21722335   
    0.017909698   -0.068606643   -0.28226885   
    0.075049591   -0.055427593    0.35721007   
   -0.022254742   -0.10393506    -0.339661     
   -0.22586454    -0.10367394    -0.46640981   
   -0.069633355    0.057008412   -0.48203399   
   -0.065894116    0.0066050932  -0.31583797   
   -0.11375345    -0.0079389841  -0.71550444   
    0.046069008   -0.06258272    -0.32566838   
   -0.16559693    -0.037187901   -0.13105209   
    0.0064947706   0.091890232   -0.53107246   
   -0.072665777   -0.17084327    -0.74594608   
   -0.18278126     0.092889015   -0.21961574   
   -0.040054314   -0.010912782   -0.4027905    
   -0.098273836   -0.070771518   -0.79187555   
   -0.11910957     0.0044125691  -0.21435216   
   -0.16144623    -0.0024650339  -0.25658532   
    0.02322065    -0.0056857323   0.028819507  
    0.019353649   -0.077775847   -0.31764115   
    0.053970185   -0.041493873   -0.47879932   
    0.032872931   -0.14034686     0.0039617019 
    0.030570696    0.037282035   -0.44286923   
   -0.068973452   -0.1448299     -0.27050329   
    0.12547385     0.048442088    0.36480586   
   -0.055335543   -0.13588839    -0.45495449   
   -0.17059245    -0.09513046    -0.49931177   
   -0.015119955   -0.048318663    0.23271041   
   -0.16125432    -0.12924434    -0.95912554   
   -0.096200361   -0.081165336   -0.55277743   
   -0.073613484   -0.11807638    -0.35007692   
   -0.013490526    0.11413739    -0.092207785  
   -0.19897848    -0.26670032    -0.79039758   
    0.072338662    0.10743381     0.051871115  
    0.11690877    -0.070956619   -0.14470281   
   -0.18951124    -0.17707631    -0.84342029   
   -0.10955997    -0.096911872   -0.3049504    
   -0.028120676   -0.037786354    0.20853627   
   -0.041856703   -0.084965767   -0.092178167  
   -0.10156665    -0.051606874   -0.11553786   
   -0.067314029   -0.17952427    -0.43943271   
   -0.16666065    -0.10562435    -0.36589875   
   -0.11747885    -0.090462591   -0.24967198   
   -0.062057115   -0.07128135    -0.1850284    
   -0.022838208   -0.04394285    -0.90154314   
    0.060010756   -0.0095445591  -0.037124511  
    0.0052153334   0.020855279   -0.63445397   
   -0.036899029   -0.18390353    -0.55138323   
   -0.014154095   -0.021402576   -0.29698179   
   -0.037358381   -0.038199091   -0.56666939   
    0.023826091    0.0055280889  -0.20350323   
   -0.17247364    -0.11906607    -0.54449029   
   -0.18168371    -0.085881579   -0.14129467   
   -0.1244143     -0.16927323    -0.69480688   
    0.010064024   -0.057548416    0.23219779   
    0.10560065     0.048118149   -0.048485011  
    0.028403088    0.006281384   -0.090771155  
   -0.098606666   -0.023948208   -0.56866733   
   -0.14222545    -0.10720271    -0.69396192   
   -0.067439642   -0.15334254    -0.37083626   
   -0.086096949   -0.12667141    -0.28976901   
   -0.11826535     0.10472013    -0.58660631   
   -0.3294435     -0.016136291   -0.27561633   
   -0.048166918    0.015399665   -0.33099659   
    0.031103947   -0.011637252   -0.45966562   
   -0.058560963   -0.10541702     0.047985584  
   -0.12481053    -0.11124587    -0.49042492   
   -0.077124165   -0.13929087    -0.709049     
   -0.05146839    -0.050019632   -0.64786495   
   -0.14198917    -0.041412984   -0.67418434   
   -0.17745829    -0.08342214    -0.49871974   
   -0.10524634     0.019491107   -0.35221733   
   -0.22965688    -0.18353685     0.21374313   
    0.0052653585   0.0021883465  -0.4025185    
   -0.00068640571  0.007895189   -0.62314883   
    0.023074264   -0.036142372   -0.020403751  
   -0.086387927   -0.10290902    -0.39614826   
   -0.010667187   -0.14179109    -0.35782046   
    0.07319792     0.02541396    -0.43380476   
    0.078547407   -0.044544651   -0.51683523   
   -0.020831197   -0.038388151   -0.33183703   
   -0.1060621     -0.1711372     -0.73745658   
   -0.22118173    -0.059148828   -0.95209085   
   -0.06769311    -0.10346538    -0.31950966   
   -0.034364764   -0.16095578    -0.19014175   
   -0.1014823     -0.20438687    -1.2786788    
    0.030275482   -0.0040684239  -0.059349452  
   -0.080619107   -0.074399206   -0.31103578   
   -0.10090477     0.13774579    -0.38293661   
   -0.0089927512  -0.07441348     0.026693032  
   -0.20465491    -0.17263259    -0.43834557   
   -0.21828485    -0.088133743   -0.30746394   
    0.025687395   -0.016793518    0.09451492   
    0.097607371   -0.022755045   -0.46241161   
    0.079177993   -0.14045076    -0.048855356  
    0.029128406   -0.061894111   -0.011754285  
   -0.045349839   -0.11265203    -0.2139331    
    0.00372686    -0.060277855   -0.52412536   
   -0.11299064    -0.1870273     -0.68789326   
   -0.051864625   -0.14131389    -0.4440503    
   -0.20314942    -0.10095191    -0.6621608    
   -0.087849192   -0.16596413    -0.23746103   
   -0.20130702    -0.10633056    -0.62833637   
    0.011522581   -0.068452839   -0.71102894   
    0.019216805   -0.0085469081  -0.17695849   
   -0.057704846   -0.022320143   -0.7550682    
   -0.013434041   -0.14703156    -0.92499521   
    0.04392585    -0.1188005     -0.8550732    
   -0.073708651    0.085275832    0.20567997   
    0.035453565   -0.12584413    -0.4336859    
   -0.074706984    0.069172703   -0.095496746  
   -0.16948764    -0.032907047   -0.12456393   
   -0.0044975691  -0.036163139   -0.22126864   
   -0.21918506    -0.054526947   -0.33874692   
   -0.021074668    0.025380747    0.0085807506 
   -0.1124547      0.041094422   -0.83604516   
   -0.095219394   -0.10664884    -0.63640234   
   -0.10310809    -0.12730253    -0.69950587   
    0.013601728    0.061463463   -0.26447841   
    0.04275278    -0.11861895    -0.33283172   
   -0.0036003636   0.047621184   -0.21319601   
   -0.0072187247  -0.057633422   -0.39101627   
   -0.027800608   -0.14833481    -0.74021807   
   -0.083832764   -0.043201436   -0.20728838   
   -0.018651676   -0.071857848   -0.53555444   
   -0.081555814   -0.11474781    -0.6699644    
   -0.1317453      0.0014309188  -0.20976276   
   -0.0016802073  -0.014511318    0.11128284   
   -0.14665475    -0.010245033   -0.30252264   
   -0.17666612    -0.032897781   -1.0489317    
    0.105016      -0.049506837   -0.24073694   
   -0.049273606   -0.071364687   -0.049244816  
   -0.063792114   -0.22363713    -0.670333     
   -0.055917215   -0.08352616    -0.39384255   
   -0.051634258    0.079674852   -0.21547396   
    0.003484329   -0.034596012   -0.25278602   
    0.046899322   -0.10651749    -0.20935164   
    0.089563743    0.046612416    0.31503214   
   -0.10869807    -0.049855934   -0.7194341    
   -0.087305585    0.050971014   -0.4276437    
    0.031542671   -0.052647545   -0.60714944   
   -0.1105183     -0.060666943    0.031540888  
   -0.20298932    -0.14648227    -0.23894382   
   -0.063470005   -0.069260791   -0.3130316    
   -0.084247528   -0.023448193    0.099985944  
    0.006953797    0.11480061    -0.73977795   
    0.055273279   -0.021994691   -0.40126135   
   -0.065850029   -0.15004475    -0.30825847   
   -0.13575037     0.017507951    0.04918279   
   -0.021345481   -0.15924436    -0.31876412   
   -0.092458094   -0.016932833   -0.34558098   
   -0.11803773    -0.16913509    -0.57978728   
    0.08851745     0.016554338   -0.17431464   
    0.052072443    0.1561062     -0.53806561   
   -0.070377274   -0.048752241   -0.69142834   
   -0.031479852   -0.13402586    -0.56489569   
   -0.084865651   -0.080723315   -0.25276025   
    0.017677783   -0.079601762   -0.46328412   
   -0.036437407    0.090558505   -0.33075476   
    0.014948698   -0.076831062   -0.60651177   
   -0.068537073    0.056881199   -0.14355103   
    0.041413948    0.060243663   -0.10295397   
   -0.058401356   -0.014507234   -0.12413608   
    0.0050484412  -0.20179804    -0.3793799    
   -0.01088153    -0.018220736   -0.21734006   
    0.10499       -0.010617484    0.46250141   
   -0.024463813   -0.12254866    -0.75908268   
   -0.042552302   -0.038984232   -0.62364556   
   -0.085685112   -0.13664736    -0.47543032   
    0.031553473    0.074259818    0.039802037  
    0.010200052   -0.01302977    -0.48677745   
   -0.17208435    -0.10940808    -0.53882148   
   -0.0004254805   0.044320107   -0.60326353   
   -0.084017728   -0.17500911    -0.50557657   
   -0.016513963   -0.014004135   -0.12561725   
   -0.20438298    -0.19944435    -0.42996604   
    0.0082221735  -0.15189514    -0.17183068   
    0.0042201797  -0.03063425    -0.35439303   
   -0.14407593    -0.073276367   -0.65453708   
   -0.096474045   -0.15528585    -0.65345031   
    0.012012437   -0.055752861   -0.53614798   
   -0.062557781   -0.12317839    -0.69918906   
   -0.096243755   -0.099254189   -0.39702928   
    0.11846083     0.0083242144  -0.039740558  
   -0.0079169134  -0.056765732   -0.61411691   
   -0.12074719    -0.036759669   -0.20404929   
   -0.13712732    -0.08322049    -0.43990235   
   -0.19826995    -0.27119198    -0.67563815   
   -0.13414538    -0.12131633     0.14089821   
   -0.095938523   -0.15333313    -0.86073025   
   -0.030669711   -0.0033036029  -0.57714704   
    0.021252909   -0.060344571   -0.28948846   
   -0.09493503    -0.1681042     -0.53204996   
    0.064422324   -0.13260635    -0.7784022    
   -0.019467401    0.0004934267  -0.12742323   
   -0.039188025   -0.10948397    -0.18239277   
   -0.02619452    -0.013197203   -0.58033436   
    0.015831712    0.080090105   -0.40031997   
   -0.16215499    -0.2106256     -0.78833846   
   -0.063073911    0.034921432   -0.15355593   
    0.01397765    -0.14159752    -0.33431993   
   -0.059849599   -0.087572019   -0.34947199   
   -0.087420668   -0.019405746   -0.66040087   
   -0.099852507    0.063116415   -0.26296083   
    0.034781187   -0.015510156   -0.21881514   
   -0.18836239    -0.0547559     -0.13064049   
    0.021211476   -0.095739057   -0.51336494   
   -0.04013396    -0.10439657    -0.46030801   
   -0.03792491    -0.20932186    -0.43989627   
   -0.061506214   -0.014976409   -0.15309147   
   -0.102547      -0.10055207    -0.27235975   
    0.018261742    0.075059194    0.11106396   
   -0.13721096    -0.19874762    -0.68134927   
    0.035941606   -0.10403888    -0.30227322   
   -0.002312593    0.081002474    0.15740138   
   -0.10463735    -0.16292155     0.021802712  
    0.082120386   -0.032998102   -0.28606522   
   -0.1314826     -0.02185488    -0.27577138   
   -0.10178902     0.010984499   -0.048370241  
   -0.075133949   -0.22055633    -0.52498223   
   -0.14632289    -0.11464617     0.26819731   
    0.019827645    0.049124021   -0.37022497   
   -0.047261605   -0.0054191576  -0.14603416   
   -0.076998787    0.054687326   -0.2299377    
   -0.036718529   -0.018075033   -0.057938052  
   -0.10946072    -0.012868272   -0.086525381  
   -0.08133885     0.0083261757  -0.14264286   
   -0.17153012    -0.064344836   -0.66300962   
   -0.16550086    -0.18945756    -0.93251657   
   -0.07411472     0.022455526   -0.097076722  
   -0.051045381    0.0018785485  -0.0054339226 
    0.16667758     0.027403372   -0.31714271   
   -0.073093421   -0.16013349    -0.77847158   
    0.038420739    0.039461752   -0.18569466   
    0.016466508    0.0058255765  -0.021233894  
   -0.052731681    0.062478117   -0.32390864   
   -0.02706939    -0.0088147599   0.40660982   
   -0.016427568   -0.098233797   -0.57399613   
   -0.034489526   -0.049290485   -0.24021587   
   -0.0064387052  -0.0854513     -0.50408684   
   -0.023663862   -0.072963957   -0.31563709   
    0.024280837   -0.056166675   -0.11097008   
    0.11849268    -0.0032168731   0.0021172153 
   -0.042952521    0.065219515   -0.33552496   
   -0.16925274    -0.19897429    -0.63001402   
   -0.13689666    -0.044678498   -0.69041916   
    0.010483342   -0.11084111    -0.42376998   
   -0.18047167    -0.22758143    -0.59369635   
    0.036936968   -0.066954634   -0.54225224   
    0.011074816    0.12606936     0.21879282   
   -0.21424202     0.048645527   -0.94914894   
    0.045919733    0.029558663   -0.51473427   
   -0.029805825   -0.11482236    -0.47209115   
   -0.032535426    0.022869691   -0.21521725   
    0.071962969   -0.11597881    -0.59904232   
    0.11462163    -0.043791211   -0.032594145  
   -0.083159307   -0.053040193   -0.30075744   
   -0.013506581   -0.12727722    -0.44913592   
   -0.049204066   -0.10984451    -0.42392778   
   -0.045209239   -0.0076525808  -0.34980698   
    0.16071318     0.085578451   -0.24142845   
   -0.14779916    -0.044182867   -0.65134169   
   -0.092035676    0.0093587779  -0.12892878   
   -0.072727869   -0.12032715     0.106598     
   -0.17877216    -0.10873358    -0.70943373   
   -0.065128829   -0.09772224    -0.54204331   
    0.033965833   -0.019922192    0.18685384   
    0.054682888   -0.02834497    -0.23032478   
   -0.044926534    0.040927492   -0.58325294   
   -0.075099286   -0.02870934     0.036154661  
    0.061968918   -0.044873481   -0.042472724  
    0.042807436    0.082539202    0.27011754   
   -0.026782803   -0.081256646    0.065664484  
   -0.058417       0.014944549   -0.41264792   
   -0.034737586   -0.067209964   -0.23549845   
    0.093681094    0.036850131   -0.015343516  
   -0.099742356    0.082381815   -0.3922765    
    0.13413541     0.057516072    0.0053945214 
   -0.051988776   -0.093507776   -0.31306326   
    0.063102368    0.0016383842   0.055620762  
   -0.025330003   -0.0058569065  -0.35870476   
   -0.10580097    -0.041212527   -0.076057568  
   -0.060310769   -0.012888284   -0.57434672   
   -0.068376002   -0.086370357   -0.40437804   
   -0.10670762     0.094793342   -0.19800293   
   -0.094319898   -0.10783366    -0.085315973  
   -0.1423556     -0.20105256    -0.56227544   
   -0.0081543833   0.010560835   -0.38359395   
    0.046880604   -0.025980826   -0.22047049   
   -0.0075325596  -0.27484134    -0.28194868   
   -0.06156962     0.054630869   -0.35471993   
    0.13428396     0.08050406    -0.49431459   
   -0.082961156   -0.043372983   -0.33657229   
    0.056644127   -0.11176341    -0.28605646   
   -0.12219265     0.093163072   -0.15772688   
   -0.12502594    -0.10178765    -0.42756103   
   -0.19304698    -0.19885345    -0.73980888   
   -0.1899669     -0.12191216    -0.36901703   
    0.070258656   -0.017064528   -0.2780504    
    0.094283345   -0.087251437   -0.37605924   
    0.086264881   -0.00058537725 -0.52418839   
    0.021430081   -0.025557965    0.016621394  
   -0.077963599   -0.036727324   -0.61859695   
   -0.10405757     0.062823584   -0.061078892  
   -0.038299553   -0.098171693   -0.14058556   
   -0.022851937   -0.083493069   -0.61838003   
   -0.038999692    0.070415395   -0.060211805  
   -0.016414042   -0.2141773     -0.47272225   
   -0.18265726    -0.055162573   -0.33273784   
   -0.0077774394  -0.23602926    -0.034905439  
   -0.08417964    -0.0056327482  -0.80723709   
    0.02700853    -0.025750012    0.14814393   
    0.0076845259   0.054771227   -0.17278739   
   -0.12522434     0.062741369    0.051109783  
    0.046272272    0.080433242   -0.0014601281 
    0.040823101    0.017780046   -0.33423918   
   -0.041837465   -0.086317991   -0.18388087   
   -0.0055253466  -0.0044028558   0.11563583   
   -0.10577275    -0.045602494   -0.24451056   
    0.01768648     0.09046698    -0.4354302    
   -0.0025637327  -0.087868512    0.48550831   
    0.059700077   -0.051816164   -0.04062214   
   -0.096861488   -0.091298256   -0.17644628   
   -0.010654514   -0.1429966     -1.064945     
   -0.072877592   -0.17746356    -0.43026037   
   -0.13368957    -0.17524366    -0.25039037   
   -0.079623072   -0.093210109   -0.024947401  
    0.0029489011  -0.048692387   -0.62613717   
   -0.051570561   -0.13101803    -0.40412322   
   -0.090959396   -0.093266549   -0.27919194   
   -0.012072927   -0.038934897    0.16476641   
    0.091934289   -0.15582857    -0.33568784   
    0.05586663    -0.12168414    -0.64187397   
   -0.087929797   -0.23901889    -0.59419693   
   -0.21803722    -0.10845613    -0.59247246   
    0.15792445    -0.0089167093  -0.52151691   
   -0.09497772     0.038628331   -0.20092732   
    0.1049986     -0.15943656    -0.27477955   
   -0.043800057   -0.051557074   -0.14096683   
    0.071315891   -0.12711194    -0.47098515   
   -0.025380688   -0.11523823    -0.45341157   
   -0.087563118    0.023525789   -0.23533119   
   -0.029116138   -0.040575253   -0.68348727   
   -0.17506291    -0.044545394   -1.0127292    
   -0.020783132   -0.087740246   -0.071193963  
   -0.028127519   -0.01700878    -0.2392101    
    0.0057083909  -0.14279486    -0.008070406  
    0.064262817   -0.090574877   -0.28701275   
    0.0030475399  -0.075222785   -0.3585628    
   -0.055033337   -0.10155584    -0.63498768   
   -0.12838203    -0.013975367   -0.56201228   
   -0.22501248    -0.24732102    -0.57178101   
   -0.072151811   -0.17228245    -0.31763769   
   -0.087136755   -0.12124089    -0.66294985   
   -0.11963407    -0.039378719   -0.18440678   
    0.022578559   -0.0030903139  -0.19475279   
    0.021099618    0.062906351   -0.097635756  
    0.015726284    0.030725264   -0.54082125   
   -0.047726679    0.024995122   -0.31744085   
    0.10204939     0.0047080634  -0.4538742    
    0.019425873   -0.009573884   -0.61620244   
   -0.11722422     0.2476372     -0.042402276  
   -0.0939398     -0.21225461    -0.43158788   
   -0.034547592   -0.083391738   -0.31123784   
   -0.071747747    0.0055650459  -0.33885091   
   -0.10659568    -0.019940043   -0.25647952   
   -0.012082611   -0.019148263   -0.3119273    
   -0.091238699   -0.16670901    -0.11051128   
    0.083731719   -0.031632075   -0.40531867   
   -0.09433929    -0.13926282    -0.2528579    
   -0.099258281    0.020160503   -0.25540662   
   -0.1110686     -0.055988573   -0.44844364   
   -0.15992129    -0.15349974    -0.72303611   
   -0.036685159   -0.12453522    -0.70582407   
   -0.081671616   -0.066395298   -0.25166784   
   -0.067222703   -0.13745282    -0.51857905   
    0.07970076    -0.045414392   -0.40562089   
   -0.045068911   -0.015769147   -0.16416124   
   -0.02691859    -0.038815869   -0.088112563  
   -0.02715723    -0.022056831    0.017464652  
   -0.10237533    -0.1099281     -0.25413403   
   -0.024167677   -0.038029969   -0.20049658   
    0.055639018    0.054981133   -0.41335524   
   -0.18021928     0.055432431   -0.031867096  
   -0.089885017   -0.18643837    -0.88844316   
   -0.061178364   -0.049156415   -0.2764349    
    0.050658331   -0.062654601   -0.43798169   
   -0.18203101     0.078828386   -0.06816853   
    0.018333035   -0.03143741     0.032288447  
    0.02854005    -0.015860864   -0.32930384   
   -0.089070376   -0.0095571969  -0.56464838   
   -0.10586924    -0.055518148   -0.38076825   
   -0.10262828    -0.030194544   -0.47573447   
   -0.051606843   -0.068000206   -0.61995978   
    0.014543372    0.13096414    -0.38716332   
   -0.072449682   -0.045534689   -0.48132181   
   -0.045030624   -0.11782611    -0.35891193   
    0.01015584    -0.0016530803   0.11521935   
    0.009953536    0.012196527   -0.21528228   
   -0.071274001   -0.1144362     -0.23373346   
   -0.024960764   -0.20349952    -0.58873606   
    0.01505364    -0.030535356   -0.029276681  
   -0.034816152   -0.033766209   -0.18283433   
    0.091443978   -0.10353305    -0.18773935   
    0.0025292115  -0.024038764   -0.30022835   
   -0.051680529   -0.016717061   -0.39434108   
   -0.004802158   -0.082139674   -0.18498624   
   -0.016924991   -0.011956188   -0.080615408  
    0.016611686   -0.046063959   -0.54337021   
    0.065306774    0.14965895     0.15358331   
   -0.085825675   -0.032379014   -0.51729826   
   -0.1309796     -0.071226893   -0.51454988   
   -0.23352641    -0.10262679    -0.50549019   
   -0.1346921     -0.088067965   -0.57221591   
   -0.036473009   -0.11049321    -0.41556619   
   -0.032678446   -0.076274302   -0.23487474   
   -0.00063888726 -0.15281768     0.021395836  
    0.035338363   -0.049311488    0.11984421   
   -0.1174706     -0.029046081   -0.69400271   
   -0.057906998    0.10732806    -0.12897695   
    0.11468458    -0.16120435    -0.31238086   
   -0.045387977    0.083641022    0.082712762  
   -0.14263372    -0.18209002     0.17058253   
   -0.021966194   -0.020495205   -0.34701181   
   -0.061373489   -0.040446849   -0.056961726  
    0.0029607077  -0.010027775   -0.16799795   
   -0.078833386   -0.017761573   -0.35089074   
   -0.11901826    -0.044462859   -0.57138155   
    0.0053812268   0.010467622   -0.034288905  
   -0.073442167   -0.072799349   -0.36358845   
   -0.022707301   -0.093556454   -0.50026822   
   -0.0061787926  -0.10326142    -0.043883715  
   -0.094490844   -0.080397875   -0.36147199   
   -0.11536889    -0.064375447   -0.068789072  
   -0.0041268924   0.027220504   -0.19712933   
   -0.033943591   -0.099659082   -0.38454285   
   -0.012742895    0.0030024457   0.038478765  
   -0.1159272     -0.13141304    -0.37373561   
   -0.021187831    0.014060954    0.014927782  
   -0.033191261   -0.056064828   -0.49749625   
   -0.058404405   -0.13769485    -0.78970802   
    0.021536958   -0.022951767   -0.24635867   
   -0.074077957   -0.17126341    -0.17821439   
   -0.017027154    0.037364261    0.12171297   
    0.18281633     0.070519102    0.03422596   
   -0.16734096    -0.13488683    -0.35381863   
   -0.099252051   -0.051771874   -0.56164358   
   -0.051435751   -0.12290773    -0.80281594   
   -0.096555639   -0.017706589    0.071516846  
    0.019232261   -0.14166203    -0.41772813   
    0.040820554    0.043734168   -0.16943418   
   -0.17593008    -0.18739481    -0.76942913   
   -0.065532645   -0.049924293   -0.29231623   
   -0.017463349   -0.1291004     -0.13088843   
   -0.032644047   -0.097680355   -0.65083711   
   -0.033685495   -0.23841743    -0.42340299   
   -0.018706073   -0.011228913   -0.030661722  
    0.034974173   -0.096473642    0.10388361   
   -0.050949102    0.071769373   -0.16488976   
    0.010800207   -0.042595935   -0.056352737  
   -0.026516511   -0.094382875   -0.52750271   
   -0.059819324   -0.024803572   -0.44267534   
    0.040727511   -0.043522096   -0.20634047   
   -0.031479205   -0.021784438   -0.38282462   
   -0.051670054    0.10028834    -0.059211806  
    0.19243905     0.064136849    0.17273248   
   -0.01614465     0.015359573   -0.6305316    
   -0.033380034    0.019995713   -0.55111278   
   -0.08545688    -0.061752111   -0.41666088   
   -0.0016105758   0.12329622     0.13990483   
    0.084161057   -0.023702693   -0.23063387   
   -0.16523951    -0.0020522727  -0.24318976   
   -0.0083769608  -0.15054711    -0.58508608   
    0.062324921   -0.054821758   -0.2431722    
   -0.10876806    -0.014541872   -0.023307273  
   -0.052543884   -0.056181851   -0.58040742   
   -0.058841063   -0.011688017   -0.53589252   
   -0.11820887    -0.16779532    -0.31547662   
    0.092762049   -0.031310848   -0.6190229    
   -0.041032815   -0.14456654    -0.25680583   
    0.0074697972  -0.061806025   -0.31436337   
    0.103128      -0.025362717   -0.6439008    
   -0.080380382   -0.074930215   -0.49680272   
    0.030523345   -0.011055806   -0.48702449   
   -0.075941101   -0.11366413    -0.40867456   
    0.049154151   -0.053634464   -0.55167734   
   -0.13120982    -0.21553355    -0.79975254   
    0.0043150262  -0.043278135   -0.2923657    
   -0.19032117    -0.10187057    -0.83216999   
   -0.073739533   -0.109715      -0.38558508   
   -0.23796927    -0.19216256    -0.14905858   
   -0.01148973     0.020824783   -0.51593525   
   -0.11158471    -0.1969182     -1.1306837    
   -0.0097875745  -0.096314147   -0.30386407   
    0.020029185   -0.10612095     0.16737056   
    0.018579197    0.060259406   -0.16665488   
   -0.13325956    -0.24940359    -0.71933438   
   -0.15762644    -0.033054613   -0.19869027   
   -0.13253812     0.043904442   -0.51916909   
    0.010851752   -0.078915801   -0.10353566   
   -0.13111552    -0.08014856    -0.68462464   
    0.079335002    0.034108364   -0.12422371   
   -0.11544219    -0.0044337333  -0.35241692   
   -0.1429806      0.063885607   -0.77596995   
   -0.075828899   -0.031819495   -0.72505902   
   -0.043892012    0.054984719   -0.54951026   
   -0.15044077    -0.058093914   -0.16138656   
   -0.055174114   -0.10114975    -0.3168738    
   -0.21281638    -0.12790385    -0.94971947   
   -0.017721467   -0.047776735   -0.22251089   
   -0.092558821   -0.21412741    -0.59498385   
   -0.13279457    -0.10317236    -0.60409867   
   -0.074545594   -0.06939503    -0.3205083    
   -0.13643483    -0.01174469    -0.46427775   
   -0.11512254     0.013902518    0.00083988528
    0.072278581    0.067072473   -0.04199549   
    0.057219296    0.045098499   -0.039354587  
   -0.12015067     0.014136434   -0.15713126   
   -0.14443816    -0.27358535    -1.0362032    
   -0.073725939   -0.0505452     -0.20094221   
   -0.037158365   -0.16997937    -0.19867685   
   -0.12379778    -0.09172014    -0.42953034   
   -0.13515149    -0.082408844   -0.70375561   
    0.013709063   -0.0029891813   0.050202086  
   -0.14264505    -0.22578406    -0.82638417   
    0.062496908   -0.11884369     0.18422208   
   -0.022283022   -0.034765573   -0.37806001   
   -0.10850196    -0.11018323    -0.62241809   
   -0.019540546   -0.053910433   -0.32517721   
   -0.0084921168  -0.089724528   -0.24857799   
   -0.10133666    -0.043247001   -0.29003979   
    0.037248172   -0.029737715   -0.21809736   
   -0.012669466    0.079544759    0.50884894   
   -0.10138658     0.044109836   -0.86013883   
   -0.036790767   -0.12194188    -0.46814046   
   -0.053680738    0.020823843   -0.14920784   
   -0.19652765    -0.12431959    -0.7054278    
    0.073810325   -0.060353122   -0.45002356   
   -0.15926776    -0.06000473    -0.11008202   
   -0.10496675     0.1273294     -0.10635918   
   -0.05970194    -0.025993074   -0.25903816   
    0.062043044   -0.024655603   -0.13327054   
    0.06349765    -0.063370168   -0.12364189   
   -0.042621236   -0.1200443     -0.54577344   
   -0.11563904     0.11428314    -0.079995206  
   -0.10022008    -0.21558811    -0.7396305    
   -0.12124179    -0.092007467   -0.64448383   
   -0.10651325    -0.18862384    -0.41596727   
   -0.058092135   -0.17193363    -0.39908824   
   -0.12768277    -0.0047443641  -0.050701801  
   -0.049138358   -0.031318528   -0.32826059   
   -0.072828606    0.069620644   -0.13736785   
   -0.055339751   -0.061663067   -0.63816611   
    0.058031267    0.062424564   -0.4899996    
   -0.043178752    0.022558536   -0.6068521    
   -0.084053278   -0.19000157    -0.16451061   
   -0.12418323    -0.083157449   -0.15230382   
    0.046462558   -0.027662155   -0.31325306   
   -0.22822312    -0.031385892   -0.14396333   
    0.015452508   -0.019406445   -0.15712631   
   -0.049076762    0.086484523   -0.34833896   
   -0.013566236    0.025425272    0.0085916364 
   -0.05927204    -0.060728812   -0.01120685   
   -0.066077086   -0.13540531    -0.42688862   
   -0.066414922   -0.10664184    -0.38204404   
   -0.039878079   -0.0036500295   0.13322171   
   -0.010400013   -0.047074775   -0.70074113   
   -0.010644779   -0.063320359   -0.11719669   
   -0.084508554   -0.14319731    -0.37380759   
   -0.011161126   -0.029954079   -0.030115297  
   -0.047314479   -0.094577794   -0.13657318   
   -0.094681373    0.068806685    0.1399046    
    0.044786688   -0.062472886   -0.57373768   
   -0.029963274   -0.10316645    -0.35505598   
   -0.11098768    -0.053964088   -0.18689656   
    0.00061208132 -0.061309491   -0.45366718   
    0.0051891816   0.0066084021  -0.089791119  
   -0.047208849   -0.16711958    -0.12903218   
   -0.086366046   -0.059710945   -0.24182287   
   -0.1404673     -0.052766679   -0.294448     
   -0.045663188    0.0028237178  -0.16277298   
   -0.046088125   -0.047544129   -0.39505213   
   -0.055117981   -0.18331741    -0.7905341    
    0.088953651    0.029016439    0.11527692   
   -0.1354625     -0.13737199    -0.45969515   
    0.040519698    0.082995498    0.018993581  
    0.018074871    0.045274077   -0.27089642   
   -0.10807871     0.035003752   -0.1624452    
   -0.093208489   -0.012432125   -0.17477101   
   -0.136549      -0.014676047   -0.61374906   
   -0.052138405   -0.10041066    -0.35718762   
   -0.12774995    -0.19866515    -0.17031232   
   -0.21663396    -0.19809313    -0.2292514    
   -0.048408582   -0.12461277    -0.48872782   
   -0.12219329    -0.030550697   -0.45838765   
   -0.0061528254  -0.12387907    -0.33861973   
    0.050822701   -0.076884314   -0.42729265   
   -0.16363309    -0.13419684    -0.44194735   
    0.10502875     0.013142301   -0.13753807   
   -0.039233023   -0.1139719     -0.64097298   
   -0.01617877    -0.046015883   -0.65548377   
   -0.075260207    0.090739462   -0.15492597   
   -0.11826744    -0.10224859    -0.40623919   
    0.048210464   -0.065730654   -0.069432011  
   -0.12469874    -0.13898845    -0.9080069    
   -0.11035585    -0.034588229    0.062379525  
   -0.11971143     0.0082927778  -0.55218933   
    0.034785525    0.013161012   -0.22773292   
    0.11350472     0.036274506    0.40587869   
   -0.061692863   -0.016114248   -0.16137899   
   -0.095998745   -0.1006741     -0.4284       
   -0.1373937     -0.18437016    -0.63391776   
   -0.096571829    0.038248891   -0.87823427   
   -0.012440019   -0.085716567    0.053295323  
    0.085797153    0.0093242994   0.19701668   
    0.20015593    -0.090636624    0.27448389   
    7.8734636e-05  0.01261998    -0.54859993   
   -0.21205134    -0.0073558189  -0.23292546   
   -0.19238384    -0.073560514   -0.87799403   
   -0.055349357    0.12923692     0.086110921  
   -0.041469452    0.015116554   -0.17731697   
   -0.10139874     0.1307468     -0.30718631   
    0.026786944   -0.13956312    -0.47621259   
   -0.11146792    -0.033196013   -0.080407041  
    0.014933367    0.11326912     0.11521447   
   -0.053308314   -0.090677115   -0.29568488   
    0.00027054269 -0.020010609   -0.34838075   
   -0.094345207   -0.033079334   -0.464415     
   -0.12960438    -0.066275124   -0.83618789   
   -0.096171252   -0.077536878    0.097999136  
   -0.14298556    -0.015564151   -0.27160971   
    0.0092540906  -0.070693004   -0.09243741   
   -0.098765505   -0.14145915     0.15161602   
   -0.010586125   -0.10027809    -0.043381317  
    0.024275099   -0.11114431    -0.29240304   
    0.11440172    -0.027194006    0.065039853  
   -0.059901573   -0.038389662   -0.27919555   
   -0.063608376   -0.11255393    -0.29838032   
    0.091224061    0.062183924    0.052345637  
   -0.0024919006   0.014331321   -0.54525285   
   -0.15205545     0.019467239   -0.6475285    
   -0.055009338   -0.1914121     -0.66523587   
    0.14407978    -0.025735393   -0.37736426   
   -0.035868871   -0.046108755   -0.35464047   
    0.09918685     0.098699502    0.14484311   
   -0.032157465    0.027379668    0.09371819   
    0.069274619   -0.0063147203   0.10886422   
    0.077265277    0.081313135   -0.3123106    
   -0.18342022    -0.19834335    -0.48350307   
   -0.12209661    -0.049537036   -0.074055475  
   -0.11548788     0.17683629    -0.19778426   
   -0.094722965   -0.011639388   -0.54699803   
    0.029922624    0.019498979   -0.830948     
   -0.11872061     0.0064255863  -0.44754261   
   -0.096389554   -0.05133586     0.083850152  
   -0.04530281    -0.051085757   -0.32492547   
    0.00068110368 -0.19251954    -0.48539112   
    0.096287304   -0.14589685    -0.15207416   
    0.099938721    0.11108562    -0.30081507   
   -0.053884787    0.049075675   -0.57774516   
    0.014543425   -0.014122008   -0.30242743   
   -0.07513913    -0.12606376    -0.61220326   
   -0.044391857   -0.0036109881  -0.063106595  
   -0.088516027   -0.14545865    -0.08280251   
   -0.1334305      0.036831565   -0.063794707  
   -0.043947052   -0.028137245   -0.21183335   
   -0.1586742      0.0071610509  -0.45021709   
   -0.094767685   -0.11198511    -0.52382487   
   -0.047025182   -0.0046154925   0.09793596   
   -0.025886489   -0.14157156    -0.12985457   
    0.012713355    0.063799224   -0.29039962   
   -0.096630607   -0.0020317289  -0.38948458   
    0.0027186163   0.016840902    0.081489803  
   -0.091740364   -0.10872996    -0.21440617   
    0.13578868    -0.13398509    -0.18823492   
   -0.079955268    0.051402562   -0.24071021   
   -0.023080363   -0.14093789    -0.5006118    
   -0.0062138448  -0.099933104   -0.05363397   
   -0.06801265     0.012507666   -0.27259221   
   -0.098256397   -0.080233618   -0.25564853   
   -0.16733751    -0.15416585     0.06351541   
   -0.025835677   -0.017059875   -0.29341012   
   -0.20884739    -0.082835442   -0.77258079   
   -0.03060595    -0.079104421   -0.50739373   
   -0.016589256   -0.035190217   -0.088393856  
    0.019328974   -0.074241912   -0.33317219   
   -0.091649125   -0.20373384    -0.48654723   
   -0.06531918     0.021437308   -0.029492906  
    0.016020609   -0.014823211    0.0013711412 
   -0.1463574     -0.14352386    -0.49426835   
   -0.034481628    0.0082654444  -0.62132502   
    0.0026899523  -0.046491796   -0.32937701   
   -0.062741201   -0.088482842   -0.40036455   
   -0.048964853    0.023410784   -0.67546036   
    0.29052264     0.036879045    0.37745322   
   -0.10211803     0.013562056   -0.041219499  
    0.021423192   -0.060536784   -0.30164677   
   -0.16580275    -0.15816831    -0.38066935   
    0.048603467   -0.066548664   -0.3538965    
   -0.20523733    -0.23379773    -0.84231896   
   -0.1136976     -0.054280263   -0.43687234   
   -0.056487029   -0.16010212    -0.48293535   
   -0.018786796   -0.011073915   -0.060635601  
   -0.14575927     0.0014974837  -0.50646973   
   -0.042814803   -0.12642428    -0.48713992   
   -0.067974898   -0.27144814    -0.35444126   
   -0.03051907     0.053850244   -0.45769973   
   -0.010109022    0.012474256   -0.020579806  
   -0.044430075   -0.11829797    -0.62977182   
   -0.11826581    -0.082380234   -0.13256657   
   -0.14080521    -0.10581161    -0.40700964   
   -0.11915294    -0.12751961    -0.40578526   
   -0.03155171     0.0024900447  -0.25275073   
   -0.0084942776   0.098801702   -0.54816795   
    0.090187962   -0.14493179    -0.065038207  
   -0.12569947    -0.06033568    -0.17522187   
    0.04304407     0.09925671    -0.53612863   
    0.014591842   -0.090874662   -0.20077163   
    0.031690972   -0.045764118    0.1011574    
   -0.0026882943  -0.042559912   -0.0043419085 
    0.048152413    0.065760023    0.34384641   
   -0.087783588    0.010334171   -0.58606285   
    0.06125523     0.044036222   -0.20946629   
    0.090774484   -0.14110755    -0.33165944   
   -0.10547494    -0.024059242   -0.10664388   
   -0.047026166    0.025151003   -0.19825336   
   -0.10207254    -0.10479663    -0.78946024   
   -0.15652532    -0.068452827   -0.46245779   
    0.00051580907  0.083783328   -0.30734743   
   -0.10008773    -0.011664622   -0.22749715   
    0.015236701    0.014852662    0.08772177   
   -0.0087310359  -0.10108799    -0.4100565    
   -0.030624064   -0.0064514312  -0.39484128   
   -0.048023567   -0.035400843   -0.45059435   
    0.041234004   -0.08003601    -0.25286542   
   -0.15506642     0.042365201   -0.24245318   
    0.039135545    0.00019705324 -0.48292906   
    0.052068107   -0.17702612    -0.30118088   
   -0.020044128   -0.19615689    -0.67583489   
   -0.091903445   -0.058767531   -0.39277234   
   -0.079313887    0.018384364   -0.097065427  
    0.036618599    0.089298064   -0.40919239   
   -0.066106737   -0.068938438   -0.033142458  
    0.018254      -0.054414123   -0.44124578   
    0.0068645303  -0.14763524    -0.54028      
    0.057994206   -0.075475003   -0.31752436   
   -0.17359757    -0.17943346    -0.34243142   
    0.054319431    0.11994185    -0.057052388  
    0.023407806   -0.067228907   -0.50816362   
   -0.22280527    -0.064492387   -0.49446165   
   -0.079835715   -0.070184054   -0.24601127   
    0.0043956033  -0.03661606    -0.3160134    
   -0.15900107    -0.10061252    -0.49618178   
   -0.11501137    -0.027619642   -0.095475522  
   -0.16326993    -0.1581382     -0.87881291   
   -0.29531016    -0.054631678   -0.563055     
    0.067486013   -0.16338932    -0.20316502   
    0.048136326    0.019219745   -0.60276051   
   -0.011478333    0.0069552936  -0.42887771   
   -0.15627654    -0.009474154   -0.12568102   
   -0.092584264   -0.053783668   -0.64529854   
   -0.1053927     -0.094980912   -0.53617506   
    0.074742843    0.054072933   -0.1627383    
   -0.21107857     0.077810128   -0.27914004   
   -0.22494654    -0.022640982   -0.38495875   
   -0.021393705   -0.051126969   -0.60818945   
   -0.066072978   -0.031387328   -0.47586654   
    0.047606287    0.08166564     0.22837481   
   -0.050009081   -0.022796071   -0.052916188  
   -0.14845907    -0.032958759   -0.27417003   
   -0.0061778735   0.15817888    -0.28410804   
   -0.1108414     -0.080969064   -0.60380795   
   -0.13189566    -0.14519233    -0.28408815   
   -0.33122407     0.011862165   -0.20676682   
    0.02473568     0.071223412   -0.15208995   
   -0.13948182    -0.041803988   -0.66756514   
   -0.032996679   -0.021222235   -0.37640718   
   -0.069392346   -0.017606021    0.0242163    
   -0.03130799    -0.07118438    -0.62583153   
    0.087611841    0.066844302   -0.17651349   
    0.031222285    0.042033836    0.12951804   
   -0.021560771    0.0093483946  -0.34948006   
   -0.13584931    -0.1170824     -0.55391996   
   -0.20626696    -0.051064209   -0.47285094   
   -0.1293562      0.023804956   -0.44466922   
    0.054245363   -0.015934803    0.40219788   
    0.070064628    0.037795578   -0.2434035    
   -0.065753271   -0.11127215    -0.57450469   
   -0.038074061   -0.14969712    -0.59039889   
    0.003636876   -0.1152808     -0.27032647   
   -0.16176447    -0.12226661    -0.21086607   
   -0.16657925    -0.026433983   -0.20895659   
   -0.061278144   -0.083692702   -0.82145908   
    0.13172274     0.021287894   -0.62633521   
   -0.040333686   -0.022677782   -0.18179706   
    0.16185004    -0.039738207   -0.37365206   
   -0.033006032    0.068088769    0.15994925   
    0.016312987   -0.00086056943 -0.40696714   
   -0.15880294    -0.11254863    -0.57322526   
   -0.076526968   -0.049265695   -0.66894373   
    0.014332364    0.043648911   -0.12371935   
   -0.15464746    -0.048200108   -0.77446592   
   -0.21737819    -0.11095994    -0.54501896   
   -0.1191031     -0.19439035    -0.6817624    
   -0.21055732    -0.19942709    -0.53826888   
   -0.13272579    -0.11588781    -0.52098584   
    0.077040634   -0.037891716    0.010166088  
   -0.0035429474  -0.074140064   -0.15745977   
    0.13370988    -0.07253325     0.32128325   
    0.0048449066  -0.03047516    -0.51076412   
   -0.010285683   -0.052155463   -0.30773154   
    0.12155641     0.070004961   -0.10077684   
   -0.044995233    0.007639269   -0.31151996   
   -0.06071039    -0.12494125    -0.61316657   
   -0.17413354    -0.018145667   -0.090465447  
   -0.064201111    0.036504764    0.27682169   
    0.0038267121  -0.20873378    -0.80698018   
   -0.094868478   -0.026694008   -0.66470504   
   -0.11000591    -0.19360598    -0.43619851   
   -0.070391566   -0.18193898    -0.67498009   
    0.015312809    0.068150743    0.017424512  
   -0.068282701   -0.15337257    -0.66957093   
   -0.085162759   -0.10997748    -0.42708648   
   -0.020130123   -0.034814936   -0.40300544   
   -0.080925482    0.096795547   -0.15190959   
   -0.061255175    0.093532826   -0.46379517   
   -0.056234037   -0.26650558    -0.14935957   
   -0.13109128    -0.14068557    -0.34533892   
   -0.047880679   -0.014267101   -0.57471734   
   -0.19636662    -0.067705699   -0.030407193  
   -0.07789445    -0.065944594   -0.44052327   
    0.076662139    0.073315816   -0.072691826  
   -0.16804649    -0.11273414    -0.41109445   
   -0.018331101   -0.025380273   -0.25403394   
   -0.088212692    0.035670989   -0.13042562   
   -0.043199424    0.085616132   -0.22125632   
   -0.13447416     0.025435284   -0.49524401   
   -0.096739721   -0.085253442   -0.27425276   
   -0.036657176   -0.097518576    0.071836335  
   -0.064617284   -0.11797885    -0.49989244   
   -0.074278766    0.038940944   -0.13352875   
   -0.067182656    0.025503627    0.15825408   
   -0.058932097   -0.18254194    -0.66078918   
   -0.059377488   -0.16709617    -0.62879185   
    0.00043284394 -0.078754826   -0.65711911   
   -0.035048367    0.067893772   -0.13761075   
   -0.055481332   -0.045725708    0.20482425   
   -0.12921627    -0.10778758    -0.63146237   
    0.13164169    -0.033701842   -0.61408331   
   -0.12936429     0.064563677   -0.34227214   
   -0.078565138   -0.078054343   -0.28979543   
    0.062765562    0.086469136   -0.053439514  
   -0.10164595    -0.024180821   -0.35026267   
    0.018853323   -0.049697966   -0.11996106   
   -0.099889856   -0.10170924    -0.56989013   
   -0.11367069    -0.03559645    -0.2959547    
   -0.079147593   -0.0011541439  -0.36750699   
    0.022572082    0.051509189    0.020826077  
   -0.13396345    -0.17420477    -0.55556075   
    0.075735153    0.056094169   -0.13156568   
   -0.020833571   -0.16986183    -0.41207418   
   -0.1381272     -0.16515702    -0.4483479    
   -0.12616124     0.064479539   -0.23507172   
   -0.094516529   -0.090614195   -0.35736455   
    0.023768995   -0.083248966   -0.39300108   
   -0.014514094   -0.099116082   -0.3336096    
    0.030604254   -0.048595902   -0.093292611  
    0.024443606    0.051160157    0.071228557  
   -0.069801884   -0.056929051   -0.51464505   
   -0.063136974   -0.14779573    -0.82375804   
   -0.16640828    -0.1623451     -0.088850761  
    0.047364481    0.022459631   -0.16972177   
   -0.10494957    -0.10027981    -0.32866346   
   -0.099065841   -0.068710355   -0.94855523   
    0.0452685      0.044621257   -0.33071166   
    0.043221401    0.048902679   -0.42606954   
    0.11117633     0.045033112   -0.053750195  
    0.031615184    0.055916795    0.1012658    
   -0.025460118   -0.10523329    -0.20615097   
   -0.075847615   -0.10000281    -0.45369617   
   -0.1977711     -0.25204662    -0.77550537   
    0.010666518    0.052589062    0.24000454   
    0.0024615772   0.046145743    0.017487853  
   -0.094950792    0.058384784   -0.029459449  
   -0.051668519   -0.13844859    -0.93082082   
   -0.035307142   -0.071886039   -0.25961702   
   -0.090711112   -0.19193342    -0.26778332   
   -0.051801915    0.0097330191   0.084495259  
   -0.078822158   -0.011915271   -0.58476373   
   -0.052891725   -0.023609405   -0.3373845    
    0.037532077    0.17913975     0.12406753   
    0.17128474    -0.053489439    0.38592789   
   -0.16859575    -0.02614479    -0.40765187   
   -0.10088214    -0.0019281014  -0.15044016   
   -0.1513258      0.058785166   -0.29854291   
   -0.034742362    0.11628113    -0.25552558   
   -0.017150048   -0.021031479   -0.10873422   
   -0.14117698    -0.16499087    -0.61226637   
    0.058015865    0.11399608    -0.32760977   
   -0.099428772   -0.09507376    -0.59131989   
   -0.11675606     0.05995475    -0.52870493   
   -0.0088580068  -0.074395132   -0.20026275   
    0.017826468   -0.057155224   -0.33488652   
   -0.047332642   -0.092944217   -0.092727624  
   -0.010019708   -0.0751108     -0.14452091   
    0.047195223   -0.17427716    -0.2776001    
   -0.10599529    -0.17804237    -0.84455086   
    0.0077501413  -0.048669401   -0.93694328   
   -0.034423845   -0.10573232    -0.44704294   
    0.0076153388  -0.15103526    -0.34276478   
    0.086902013   -0.058830395   -0.20037995   
   -0.19831826    -0.17233095    -0.57297544   
   -0.0099730001   0.0063168494  -0.14373358   
    0.038631639    0.058321304   -0.42900536   
   -0.11221771    -0.024394094   -0.40913603   
   -0.030140921   -0.05492075    -0.66185956   
   -0.061492269   -0.10038441    -0.086367188  
   -0.02042693    -0.11371696    -0.045949853  
   -0.096702159   -0.1280969     -0.22241491   
   -0.048017307   -0.010649703   -0.5058387    
    0.022858922    0.021173035   -0.3372735    
   -0.0098645673   0.02451204    -0.30531023   
    0.010553498   -0.040599119   -0.012079218  
   -0.068411282   -0.099850052   -0.63656494   
   -0.062510963   -0.11554376    -0.72041488   
   -0.10303996    -0.16830938    -0.82325166   
   -0.073880197    0.063873835   -0.32521893   
    0.046762176   -0.041064562   -0.28098155   
   -0.079156387    0.031122842   -0.18267438   
    0.066890225   -0.19736135     0.51079599   
   -0.041640349   -0.12216839     0.070597236  
    0.13059273    -0.040626665   -0.03292811   
   -0.13375707     0.040250723    0.058315695  
   -0.10937469    -0.038196788   -0.57281567   
   -0.061920562   -0.1244879     -0.49494546   
   -0.018369835    0.041111884   -0.32699104   
   -0.11477347    -0.086717564   -0.23892293   
   -0.091202395   -0.142413      -0.75026504   
    0.03950664     0.045245235    0.034949046  
   -0.08771971    -0.0084047837  -0.3722215    
   -0.021114852   -0.10662643    -0.25259525   
    0.0029094372  -0.015017749   -0.15693344   
    0.015554265    0.0035621664  -0.49764646   
    0.13569328    -0.16621461    -0.33101089   
    0.011104123   -0.0031935624   0.071946742  
   -0.12270971    -0.12130467    -0.5197801    
    0.027626753    0.050689063   -0.52148561   
   -0.02379703    -0.11686591    -0.34910741   
    0.047688204   -0.14432855    -0.3895691    
    0.012390883   -0.015750778   -0.14177874   
   -0.010117863    0.092438418    0.013805726  
    0.11319481     0.0035594495  -0.47068043   
   -0.02552661    -0.022241607   -0.37158219   
   -0.018294485   -0.070377323   -0.44962454   
    0.059244733   -0.084063963   -0.41269198   
    0.00029472418 -0.28020454    -0.40167299   
   -0.018212905   -0.14779262    -0.63102033   
    0.15255054     0.050136511   -0.39250984   
    0.045613752   -0.15052253    -0.6322293    
   -0.15842315    -0.043510226   -0.24680603   
   -0.073084628   -0.073679304   -0.34923579   
   -0.02718071    -0.1719911     -0.40717449   
    0.029574817   -0.019223255   -0.16071419   
   -0.043518553   -0.23247858    -0.44829448   
    0.01760619     0.0037885801  -0.086668691  
   -0.13741776    -0.12212092    -0.51199893   
   -0.22427289    -0.037380092   -0.22060037   
   -0.14746342    -0.10719653    -0.45228597   
   -0.012035025    0.0092905565  -0.25861506   
   -0.14578307    -0.24672895    -0.87041415   
    0.054964466   -0.065499921   -0.20665085   
   -0.12171957    -0.15331023    -0.60526637   
   -0.091503951   -0.20219114    -0.54988554   
    0.058709374   -0.15452525    -0.27284593   
   -0.051666924   -0.067427099   -0.22303331   
    0.002844876   -0.0028324127  -0.33042377   
    0.041339241    0.083763543   -0.21442235   
    0.075724356    0.011610703    0.062153721  
   -0.15472542    -0.20191876    -0.38601994   
   -0.077830009    0.001135475    0.14509486   
    0.045724944   -0.040754804   -0.30710241   
   -0.076922569   -0.097583364   -0.3175652    
   -0.082538031   -0.034306738   -0.20205172   
   -0.064672979   -0.051003029   -0.30164548   
   -0.053429911    0.02712813    -0.28348241   
   -0.032999421    0.012142093   -0.38481296   
   -0.022408463    0.055744313   -0.20816848   
    0.043944576   -0.039895443   -0.29290439   
   -0.15749454    -0.0040678578  -0.1023444    
    0.022756404   -0.045747061   -0.14478176   
    0.13770788     0.040925414   -0.13442435   
   -0.019414365   -0.04367675    -0.24055112   
   -0.084197455   -0.15091178    -0.54125265   
   -0.068224663    0.066458827   -0.12668232   
    0.019528981   -0.094423866   -0.14619143   
   -0.089893622   -0.10064585    -0.064640026  
    0.011192024   -0.23323047    -0.15807405   
   -0.15497592    -0.20583225    -0.74953454   
   -0.099700941   -0.03812571    -0.17431414   
   -0.16068411    -0.020750383   -0.49845993   
   -0.0076726852   0.013202181    0.1286702    
    0.0023396953  -0.07759255    -0.59629844   
   -0.0024204804  -0.021167996   -0.71599308   
   -0.028429889   -0.15277825    -0.41315332   
   -0.11935035    -0.059950668   -0.68639716   
   -0.050645075    0.067389251   -0.33048616   
   -0.087460299   -0.1488547     -0.58370445   
   -0.047180187    0.19332849     0.097675123  
   -0.15671205    -0.1948142     -0.77677889   
   -0.048059951   -0.14082562    -0.36622186   
    0.0033852316   0.032326875   -0.49754461   
   -0.020399221   -0.065316722   -0.3286049    
   -0.068848567   -0.021472036    0.01320143   
    0.1163831     -0.16764088    -0.61980651   
   -0.13525701    -0.14779995    -0.4993098    
   -0.069104212   -0.055306881   -0.18230564   
   -0.016631624    0.0033433348  -0.12767678   
   -0.037135907   -0.074249094    0.20737008   
   -0.081464543   -0.074123452   -0.35425797   
   -0.095130159   -0.056330732   -0.33628176   
   -0.12777929    -0.13344523    -0.24567196   
    0.043273045   -0.0086127571  -0.13743003   
   -0.096380612   -0.0045038616  -0.40435235   
    0.048570176   -0.10597824    -0.52793331   
   -0.031347521   -0.017394555   -0.1691278    
    0.029127713   -0.096720126   -0.29292512   
   -0.098297409   -0.045306145   -0.40632274   
   -0.041740095   -0.027794234   -0.21506055   
   -0.0052915837  -0.045127872   -0.30611722   
   -0.0134035     -0.0036488192  -0.13649872   
    0.0014478957  -0.19016655    -0.25106986   
   -0.1212148     -0.055586908   -0.51185405   
   -0.0131642     -0.094589623   -0.39872477   
    0.10506018    -0.11684458    -0.091307107  
   -0.12859921    -0.1252794     -1.006275     
   -0.1192739      0.093384515   -0.019142176  
    0.004084607   -0.0050463656  -0.40509256   
   -0.148225      -0.18396888    -0.75266572   
   -0.16729217    -0.01783637    -0.28842449   
    0.0081274828  -0.017141433   -0.3089797    
    0.0047589787  -0.019468247   -0.22734586   
   -0.10536314    -0.012447656   -0.35600346   
   -0.048964303    0.11044604    -0.20357345   
   -0.14156183    -0.098040819    0.0071674052 
   -0.037091453    0.047260885   -0.14121809   
   -0.040379242    0.045635658   -0.61976436   
   -0.0050977027  -0.15638539    -0.16820263   
   -0.018206601   -0.11030969    -0.38443228   
    0.011485213    0.080549735   -0.56412709   
   -0.035453755   -0.018923595    0.031016316  
   -0.076031357   -0.040215358   -0.25409615   
   -0.1221013     -0.23727031    -0.70512887   
   -0.052861146   -0.11063338    -0.48470602   
   -0.090759528   -0.071412378   -0.49540426   
   -0.1294041     -0.11031844    -0.52675096   
   -0.055251462   -0.020201684   -0.32739424   
   -0.023642207    0.062077169   -0.07188088   
   -0.099294977   -0.11866247    -0.64864645   
   -0.13261106    -0.034536455   -0.39790425   
   -0.24077481    -0.036046504   -0.23532482   
    0.0005472117  -0.10950955    -0.65233337   
    0.0024665873  -0.01697608     0.06064144   
    0.03966328    -0.1265826     -0.016062648  
    0.045446274   -0.038663689    0.10092096   
    0.045856568   -0.12424986    -0.63742295   
    0.0086234372  -0.055697597   -0.29348282   
   -0.086589621   -0.016883317   -0.26729773   
   -0.028127949    0.088922147   -0.28796229   
   -0.21169786    -0.1989367     -0.15483806   
   -0.062232667   -0.0777091     -0.24943056   
    0.057754628   -0.075314686   -0.1338751    
   -0.13120516    -0.13275541    -0.14651229   
    0.057147017   -0.15058852    -0.43135328   
   -0.11724903    -0.034019173   -0.40998347   
    0.026632825    0.067211206   -0.48847845   
   -0.0046071457  -0.016428942   -0.31034578   
   -0.096446805   -0.1284124     -0.16694952   
   -0.12193167    -0.11911595    -0.38135226   
   -0.13776447    -0.25287609    -0.60390216   
   -0.089746502   -0.12796842    -0.030416026  
   -0.017049027   -0.12717298    -0.49962667   
   -0.039663847    0.0071327749  -0.3757859    
   -0.035670704    0.10217329    -0.2905225    
   -0.11230371    -0.15467012    -0.21191343   
    0.08751454     0.0020542417  -0.24135735   
   -0.12266453     0.071157872   -0.21264604   
    0.019589721   -0.02390106    -0.010581208  
    0.015072549   -0.10495256    -0.031120664  
   -0.01874042     0.048533566   -0.19204549   
   -0.17206607    -0.17224923    -0.48081717   
   -0.029297843   -0.021956378   -0.34707967   
   -0.11388691    -0.022222802   -0.37695798   
   -0.10732354    -0.068163824   -0.13193239   
   -0.076867696   -0.084183309   -0.46766803   
    0.0034712664  -0.10194266    -0.34671846   
   -0.11146137    -0.081125414   -0.087827128  
   -0.075322191   -0.055591163   -0.10838249   
    0.0054358723   0.11175813     0.56694012   
    0.022473301   -0.032991025   -0.35657035   
    0.11222557    -0.094524572   -0.48511206   
    0.02545721     0.095732131   -0.15894731   
   -0.12751601     0.068963249    0.12904736   
   -0.011445305   -0.096597901   -0.36616229   
    0.032054061    0.12152352    -0.20093316   
   -0.14521552    -0.079216462   -0.67170968   
    0.073441332    0.0078132782   0.0047016793 
    0.037155364    0.046079982   -0.16138637   
    0.053433393   -0.10997341    -0.45961898   
   -0.11682674    -0.11477852    -0.54501578   
    0.012973712   -0.045741778   -0.15192659   
    0.016856227   -0.025242077   -0.18172073   
   -0.059252131   -0.043378187   -0.25567846   
   -0.1359183     -0.19673689    -0.40960329   
   -0.057972519   -0.24634908    -0.78143638   
   -0.0087331501  -0.18822419    -0.48440224   
    0.011356035    0.1246344      0.09239988   
    0.010188791   -0.1374091     -0.41405812   
   -0.13952879    -0.18440674    -0.33956318   
   -0.10184485    -0.066568333   -0.45654187   
   -0.094794439   -0.037276788   -0.63283565   
   -0.036226178   -0.058189531   -0.45420029   
   -0.057248505   -0.083611648   -0.82921828   
   -0.043941291   -0.16881495    -0.7589306    
   -0.025806368    0.034693422   -0.10011096   
    0.11279459    -0.18386544    -0.025136403  
   -0.049998123   -0.012515913   -0.24244672   
   -0.085129455   -0.17366934    -0.32608692   
   -0.078359452   -0.099322942    1.9823318e-05
    0.062910646    0.025857589   -0.31446112   
   -0.14477879    -0.0027160397  -0.48396347   
    0.17116811     0.048252469    0.056112558  
   -0.18805301    -0.027582679   -0.53524793   
   -0.034540636   -0.1193566     -0.5794714    
   -0.015289186    0.024367192   -0.27431401   
   -0.030366563   -0.11573762     0.00078608168
    0.095152689    0.044185461   -0.17069394   
   -0.0069302549   0.011158022    0.039845462  
   -0.14270629    -0.0021335443  -0.15430178   
   -0.10516092    -0.053563142   -0.34444116   
   -0.14811939    -0.10878843    -0.3904447    
   -0.11353804     0.011975895   -0.3014758    
    0.0038010684  -0.055519699    0.064858152  
   -0.035255593   -0.12487537    -0.25123486   
   -0.091836487   -0.092483001   -0.45177262   
   -0.16372481    -0.17850253    -0.56656035   
    0.015827412   -0.096817155   -0.4767323    
    0.036741678    0.10866005    -0.042596385  
   -0.058810456   -0.1380846     -0.19742996   
   -0.088824907   -0.016616602   -0.44842058   
    0.04274676    -0.0093411793  -0.32412245   
    0.12918245    -0.0026403022   0.59593485   
   -0.23210474    -0.1027535     -0.30159441   
   -0.029360931    0.055475316   -0.45820764   
   -0.093690446   -0.02435171    -0.33689262   
   -0.065862044   -0.009124341   -0.72763277   
    0.038615462   -0.12429953    -0.48483658   
    0.082924655   -0.058524499    0.27448828   
   -0.10717193    -0.084496836   -0.74670101   
   -0.0059502299  -0.096570518   -0.067665826  
   -0.1061053      0.058534127   -0.4891857    
    0.032599225    0.011130821    0.30390185   
   -0.16085742    -0.15690524    -0.61112243   
   -0.087057028   -0.023682211   -0.3239178    
   -0.079071942   -0.11568956    -0.55027842   
   -0.13436794     0.10062621    -0.21941853   
   -0.027078832   -0.028239939    0.0020777509 
    0.036937529   -0.081823038    0.10437566   
   -0.08983029    -0.018013404   -0.55573715   
    0.0030816266   0.0013718821  -0.17730542   
   -0.19993939    -0.10374965    -0.99512363   
   -0.18967373    -0.097559218   -0.58161359   
    0.014065172   -0.056262187   -0.19637834   
   -0.029370592   -0.074856555   -0.58512544   
    0.032653332    0.010188871   -0.11925363   
   -0.012718373   -0.14405021    -0.37199678   
    0.15736123     0.015720101   -0.095056635  
    0.027347851   -0.036400465   -0.28212199   
   -0.040798901    0.02128145    -0.37318838   
    0.10942454     0.020899326    0.061923583  
    4.9253101e-05  0.011344966   -0.26317894   
   -0.046400908   -0.050865661   -0.3392735    
   -0.092944002    0.0055524708  -0.49805319   
    0.014424535    0.14770133     0.0036913103 
    0.091877687    0.022779553   -0.19998024   
    0.02032782     0.02310187    -0.54628553   
   -0.084873431   -0.2421215     -0.72557646   
   -0.0377395     -0.19947858    -0.67904213   
   -0.079217909   -0.126766      -0.028905397  
   -0.022475717    0.10582334    -0.32950719   
   -0.081903856   -0.17821285    -0.32509281   
   -0.16281523    -0.074772421   -0.40111552   
   -0.037678836   -0.063596439   -0.88973571   
   -0.072697527    0.055044252   -0.29913167   
   -0.066651189   -0.13101429    -1.0186846    
    0.0047396657   0.102999      -0.29720153   
   -0.13707316    -0.041782063   -0.93718907   
   -0.031485533   -0.044045577   -0.042420715  
   -0.105022      -0.17706347    -0.74456552   
   -0.17396634    -0.093568603   -0.60372494   
   -0.045327184   -0.13001003    -0.0812976    
   -0.068623264   -0.070670048   -0.68490518   
    0.052886615   -0.034030069   -0.066815534  
    0.093073478   -0.10120916    -0.17358738   
    0.0172007     -0.24610693    -0.48402275   
   -0.077103114    0.061584208   -0.24532965   
   -0.0037116068  -0.18337259    -0.3074169    
   -0.075250898   -0.065678208   -0.44472521   
   -0.11673342     0.076078338   -0.16796392   
   -0.20434238    -0.13213314    -0.33138945   
   -0.22783842    -0.099371034   -0.61337417   
    0.020074391   -0.16731184    -0.18598673   
   -0.094963779   -0.21274198     0.13840903   
   -0.16579431    -0.16274797    -0.51233529   
   -0.075563676    0.16931224    -0.42032384   
   -0.025073832   -0.14098679    -0.46173379   
   -0.10913872     0.0032686656  -0.20692605   
   -0.10697076    -0.0084647872  -0.44375223   
   -0.057827814   -0.10835635    -0.55383621   
   -0.10687793    -0.10605443    -0.65506253   
    0.040212193   -0.12160491    -0.54703546   
   -0.052182177   -0.082976231    0.21592997   
   -0.15872123    -0.35878645    -0.97953034   
   -0.026967539   -0.097269652   -0.15811726   
   -0.0060822322   0.064245828   -0.30510332   
   -0.024260495   -0.084602594   -0.37750103   
   -0.046507408   -0.13916427    -0.40801692   
   -0.064753784   -0.13924551    -0.045674235  
    0.067343852    0.020478334    0.03597513   
   -0.035147061   -0.056035182   -0.1931945    
    0.066792012    0.20992113    -0.1620044    
    0.025135854    0.034996888   -0.14840622   
    0.062481556    0.0034137891   0.13613315   
   -0.13180793    -0.11466426    -0.1277495    
    0.076457969   -0.099324166    0.056765644  
    3.2611277e-05 -0.038899701   -0.20676402   
   -0.10265981    -0.19332069    -0.39698968   
   -0.25941734    -0.13322828    -0.56626837   
   -0.045619937   -0.046777669   -0.32696975   
   -0.1480091      0.066336079   -0.80218057   
   -0.084225143   -0.12977802    -0.14985455   
   -0.0052796962  -0.036154871   -0.21798908   
   -0.06923572    -0.088386064   -0.086605425  
   -0.043663821   -0.041400512   -0.3414244    
   -0.1384515     -0.067489498   -0.11524014   
    0.022081285    0.037359783   -0.10270177   
   -0.0049968105   0.048775825   -0.24726231   
   -0.088656119   -0.1209879     -0.75273791   
    0.10152846    -0.10327698    -0.37237482   
   -0.085022132   -0.087420177   -0.26187367   
    0.05093545    -0.029965334    0.20454633   
   -0.056408213   -0.12638881    -0.18901121   
   -0.0095530476  -0.067142928   -0.52373015   
   -0.12622252    -0.044053685   -0.42870549   
    0.079241678   -0.021292939   -0.84466926   
    0.077529215   -0.057374615    0.31482326   
   -0.20970857    -0.11463221    -0.40790846   
   -0.013674922   -0.089846656   -0.72789017   
    0.11769999     0.026170476    0.12625179   
   -0.035151201   -0.1710947      0.17379443   
   -0.0097798652  -0.16371197    -1.0303852    
   -0.056820145   -0.089812934   -0.16585036   
    0.072075268    0.023334544   -0.63376145   
   -0.21091278    -0.071434618   -0.699487     
   -0.1432999     -0.087781457   -0.80378649   
   -0.05359918    -0.00089222775 -0.68897221   
    0.11471014    -0.11769959    -0.45359598   
   -0.10529402    -0.13246402     0.085041553  
   -0.089452082   -0.16379364    -0.31821713   
   -0.0094936573  -0.042875322   -0.34148647   
    0.031679876    0.0063430484  -0.025874387  
    0.043684551    0.030491537   -0.54610405   
   -0.034042873   -0.054380591   -0.32127589   
   -0.042607256   -0.036863491   -0.30104064   
    0.073645957    0.076587765   -0.17630165   
   -0.012712469   -0.095444325   -0.76574593   
   -0.13894796     0.0060129052  -0.82544607   
    0.0017781388   0.089554775   -0.02068142   
    0.022370934   -0.032214488   -0.3825565    
   -0.10367591    -0.028221629   -0.15246699   
   -0.17564548    -0.0074221767  -0.18772947   
   -0.1248702     -0.061632631   -0.23178632   
   -0.12647295    -0.21270154    -0.35933902   
    0.010257244   -0.021304565    0.033084518  
   -0.069831177   -0.0068627     -0.84339059   
   -0.030183295    0.028010535   -0.097671422  
   -0.036181964    0.028960118   -0.23391965   
   -0.0044217782  -0.086054707   -0.19157261   
    0.0070995529  -0.041377671   -0.32798232   
    0.084975657    0.079337001   -0.38627188   
   -0.06381482    -0.15343906    -0.20117497   
    0.070218329    0.0086076455  -0.43866181   
   -0.018901806    0.06141483    -0.13739055   
   -0.081166751   -0.11175943    -0.34266858   
   -0.10173893    -0.2340665     -0.23920331   
   -0.12021439     0.026523181   -0.15980645   
   -0.038632443    0.052724549   -0.22203709   
   -0.014614554   -0.039788399    0.043515062  
   -0.18916637    -0.053023206   -0.46332066   
   -0.034357002   -0.03510169    -0.33455113   
   -0.12234098    -0.056019674   -0.19037592   
   -0.091250546   -0.17307759    -0.51578654   
   -0.14526568    -0.13409496    -0.33260747   
   -0.0014255055  -0.11035202     0.15746469   
   -0.22940898    -0.059131622   -0.42329323   
   -0.032175628    0.025244558   -0.20722992   
    0.02005528    -0.033038548   -0.54263337   
    0.04429125    -0.019718421    0.1383325    
    0.053001544   -0.071909705   -0.056718546  
    0.0290782     -0.16154383    -0.36704074   
   -0.13840954    -0.094782216   -0.46717929   
   -0.039934624    0.01384541    -0.27336536   
    0.064067758   -0.083450434   -0.60907985   
   -0.022715521    0.0093412317  -0.19627004   
   -0.036628239   -0.092869598    0.023317764  
    0.07404317    -0.16009086    -0.63503028   
   -0.07445268    -0.17043862    -0.44762812   
    0.051992646   -0.23225315    -0.67341568   
   -3.8941215e-05 -0.1108155     -0.093896739  
   -0.10932571    -0.026730615   -0.18654445   
   -0.02288186     0.046735823   -0.21416083   
   -0.10923648     0.019896824   -0.66055373   
    0.10189369    -0.031128534   -0.53757819   
   -0.064582825   -0.1241217     -0.6334845    
    0.026437836    0.025760557   -0.14964638   
   -0.0079564156  -0.068759962   -0.26142925   
   -0.101961      -0.038171901    0.18358183   
    0.087580349   -0.081307275   -0.57046118   
   -0.028019395    0.0096164104  -0.13991137   
   -0.048553104   -0.04265604    -0.38356465   
   -0.13669965    -0.1469128     -0.54910381   
   -0.035953558   -0.208568      -0.57637048   
   -0.030760766    0.027461166    0.59071797   
   -0.12657882    -0.11884214    -0.64774014   
    0.10040999    -0.076002671    0.21582721   
   -0.073024764   -0.066339538   -0.43090367   
   -0.1318888     -0.11922365    -0.81744646   
    0.098654138    0.012854754   -0.63209304   
   -0.063026906   -0.084877763   -0.78371062   
   -0.014754943    0.12207818     0.1855569    
   -0.067427468   -0.074137745   -0.72802259   
   -0.11794424    -0.14120842    -0.11878437   
    0.13138511    -0.035222718    0.054987914  
   -0.013703354   -0.066118982   -0.082396849  
   -0.035905502   -0.15072824    -0.20761107   
    0.19256464     0.071140612   -0.16389315   
   -0.082233334    0.013544059   -0.27418904   
   -0.15090057    -0.094924432   -0.62466578   
   -0.023421068   -0.12619622    -0.44290723   
   -0.20642101    -0.097902975   -0.27989524   
   -0.05785881    -0.045681941   -0.052122969  
   -0.033836807   -0.061792067   -0.18237181   
   -0.12672539    -0.083997214   -0.58802593   
   -0.15318336    -0.061948755   -0.57547981   
   -0.071104792   -0.070001746   -0.39306013   
    0.00030735103 -0.074040585    0.028122502  
   -0.036019393   -0.099214169   -0.012214374  
   -0.016464832   -0.19574953    -0.093837273  
   -0.018416069   -0.019444629    0.037483485  
   -0.051164315    0.0095709154  -0.067029838  
   -0.027085335   -0.078033531   -0.45489658   
    0.039678572   -0.026248748   -0.49365336   
   -0.014676292    0.20811003    -0.14925102   
   -0.0012056031  -0.056001025   -0.11481629   
    0.038585528   -0.031643548    0.069996459  
   -0.070997755   -0.23253814    -0.44294552   
   -0.036915195   -0.087680214   -0.02447457   
   -0.048585419   -0.12499355    -0.14239806   
    0.081928676    0.1388826      0.21866445   
    0.085935212    0.0019592065  -0.47701969   
   -0.19154307    -0.15459846    -0.90306218   
   -0.072588474   -0.022173175   -0.22839684   
    0.028469005   -0.021607014   -0.43242394   
    0.0070741185  -0.1752634     -0.8662618    
   -0.063296871   -0.025260705   -0.28623888   
    0.11039587     0.071588232   -0.17881927   
   -0.13732524    -0.063793163   -0.37102648   
   -0.011024366    0.0023301785  -0.016858294  
   -0.068394774   -0.026683936   -0.23748211   
   -0.039712661   -0.098399668   -0.38285163   
   -0.10997885     0.042242195   -0.31535656   
   -0.062245573   -0.15727017    -0.43190802   
   -0.070771184   -0.12791883    -0.22824124   
   -0.012942265   -0.19661046    -0.68741119   
   -0.12080979    -0.20733675    -0.53461997   
   -0.091529127   -0.11381681    -0.1308685    
    0.018343823   -0.18058985    -0.42234989   
   -0.0188001      0.0141031     -0.63882466   
   -0.19343429    -0.093007783   -0.677452     
    0.02570785     0.027242379   -0.15024876   
   -0.041463734   -0.093145692   -0.42131567   
    0.019520168   -0.077902138   -1.1043776    
   -0.049026903   -0.09588721    -0.29946404   
   -0.028675011   -0.098426126   -0.3548812    
   -0.032648095   -0.15368816    -0.42443847   
   -0.02250861    -0.10350046    -0.28042036   
    0.029291286   -0.012640855   -0.086809474  
   -0.021439273   -0.086364649   -0.26530236   
   -0.29535818    -0.092781156   -0.57444107   
   -0.076982137   -0.0092733832  -0.37938823   
    0.002133005   -0.06406008    -0.42685446   
   -0.16087878    -0.030619404   -0.85036132   
   -0.07807239    -0.21189749    -0.58952776   
    0.029100258   -0.15239516    -0.74407665   
    0.032759126    0.084057756   -0.30636104   
   -0.0085349247  -0.068627934   -0.30466872   
    0.077970486    0.25619022    -0.15682238   
    0.11046966    -0.017388914   -0.37926388   
    0.032855871   -0.053111539   -0.076191231  
    0.004400936    0.0078098617  -0.045457211  
   -0.0081978562  -0.16649407    -0.83671771   
   -0.13347549    -0.043234901   -0.31649533   
   -0.0071412625  -0.022660576   -0.32845718   
   -0.033318615   -0.2580338     -0.6502289    
    0.055656116   -0.14357763    -0.36725898   
    0.058013633    0.069833625   -0.44838392   
   -0.082212295   -0.043875863   -0.13181255   
   -0.10545382    -0.07437577    -0.033830919  
