   -32.571895     -32.571895      0.005374018  
   -4.0884238     -4.1214421     -0.37684831   
   -0.19837623     0.030498491   -0.49911011   
    0.30671958     0.36442959    -0.20200305   
    0.51364476     0.39009797    -0.095919554  
    1.1403319      1.0658368      0.30040301   
    1.1655876      1.1552814      0.29160781   
    0.58869647     0.48867974     0.098636976  
   -0.17764462     0.030896926   -0.49561176   
   -0.28030944    -0.20771133     0.11438973   
    0.05985632    -0.09775113     0.011568108  
   -0.38143877    -0.40837519    -0.61385725   
   -0.64415621    -0.68170699    -0.21009728   
   -0.23765508    -0.4656708     -0.049524232  
   -0.21095224    -0.1163403     -0.14880471   
   -0.070985963   -0.13243016     0.10880487   
    0.061334299   -0.079700116    0.12822229   
   -0.049262532   -0.093463342    0.11360749   
   -0.10774457    -0.082112077   -0.18905907   
   -0.0056729143  -0.061813798   -0.21703693   
   -0.18179672    -0.15073659    -0.060221219  
   -0.089429       0.10337059     0.15877814   
   -0.15903204    -0.12310356    -0.48626474   
    0.025262755    0.10082932    -0.048863011  
   -0.077978475    0.045980677   -0.36104771   
   -0.18019638    -0.15834107    -0.48133765   
    0.054399425    0.023274491    0.028505046  
   -0.23288732    -0.15903796    -0.29766848   
   -0.024413522    0.09531757     0.27876653   
   -0.00019592617  0.072799331   -0.074886743  
   -0.077772627   -0.17152861    -0.35717883   
   -0.12463678    -0.23046549    -0.36424039   
    0.025832164   -0.020631913   -0.34054514   
   -0.013973312   -0.062432699   -0.42637011   
    0.047384182    0.005533155   -0.63326826   
    0.024818677   -0.0074577603   0.3009715    
    0.009596492    0.034466851   -0.26799455   
    0.039396168   -0.0024762441  -0.051270194  
    0.14874563     0.048145354    0.053943093  
   -0.14736868    -0.13347024    -0.97295145   
    0.080415418    0.01365722     0.34895261   
   -0.0060667814  -0.084196333    0.087899375  
    0.0095715182  -0.076961369   -0.61129664   
   -0.011617907    0.066608712   -0.20533725   
    0.0092482396   0.082391458   -0.49026758   
    0.097631295   -0.027674027    0.23958662   
   -0.048947602    0.10011282     0.17248039   
   -0.1072499     -0.19926252    -0.42758646   
    0.0033156276  -0.046001981    0.21332597   
   -0.12626402    -0.19407176    -0.72025692   
   -0.0028938649  -0.10554168    -0.18644145   
   -0.030539967   -0.10490027    -0.51143963   
    0.056685913    0.010757722    0.17967251   
   -0.0066426973   0.0010146946   0.16186483   
   -0.040664167   -0.012948991   -0.20375025   
    0.060270102    0.046046276   -0.015168069  
   -0.021843309    0.02288477    -0.21598481   
    0.039513509    0.041693295   -0.40559811   
    0.010915322   -0.15338809    -0.24583351   
   -0.005634334    0.016517108    0.40526798   
   -0.11080013    -0.11923236    -0.066002948  
   -0.10974894    -0.022206132   -0.34486611   
    0.061547084    0.10626323     0.060058085  
    0.087992034    0.10727426    -0.14828991   
    0.034503675   -0.038963194   -0.26814991   
    0.054390523   -0.040216521   -0.22919264   
   -0.015821607   -0.009742179   -0.30865122   
   -0.10056766     0.037512982   -0.35994552   
   -0.078677321   -0.071807729   -0.6859919    
   -0.12900647    -0.054883416   -0.64349026   
   -0.090085369   -0.059901612   -0.064388784  
   -0.025461799    0.029244245   -0.22063947   
    0.020535291   -0.02503325     0.06656204   
    0.0040700913   0.080638876    0.26288048   
    0.063346914    0.001374524    0.38894841   
   -0.055051066   -0.025732832   -0.12180154   
   -0.017028715    0.0091319102  -0.25690941   
   -0.092903739   -0.087394684   -0.88046274   
    0.066760881   -0.11035029    -0.69715614   
   -0.08700474    -0.081601843   -0.57496855   
   -0.039287101   -0.093007508   -0.3128572    
   -0.098752806   -0.051556023   -0.47545871   
   -0.071651997   -0.04001165    -0.23937789   
    0.031583341    0.015738774   -0.030361894  
   -0.095020774   -0.00016698949 -0.2188371    
   -0.020429583   -0.094213185   -0.092746645  
    0.010676468    0.11381952    -0.048473663  
    0.028381266    0.078475824   -0.21426859   
   -0.10561974    -0.044074308   -0.53791835   
    0.16013693     0.024502321   -0.24638026   
   -0.10301371     0.043757277   -0.28719323   
   -0.03522596    -0.051355089   -0.23743064   
   -0.016905597   -0.013471426    0.25172708   
    0.077741866    0.034518839   -0.13691419   
    0.078040042    0.041238514    0.27724556   
    0.056738699    0.093688055    0.13101655   
    0.097177663    0.049885319    0.13589336   
   -0.13358294     0.10257783     0.095248622  
   -0.08229047    -0.041276335   -0.30100105   
    0.073332061    0.058282497    0.3075005    
   -0.039599881   -0.0019426981  -0.18032964   
    0.0062617333  -0.030392674    0.1761963    
   -0.07318538     0.060930208   -0.43244668   
    0.012661441   -0.040466023   -0.61566531   
   -0.032325527    0.063031553   -0.11757266   
    0.014838307    0.16127493     0.22070813   
    0.080834641   -0.029768605   -0.26059152   
   -0.015632403    0.067997278   -0.094085016  
   -0.0041937566   0.019414977    0.066648598  
    0.065731027    0.05102135     0.29408873   
   -0.077484214   -0.062368565   -0.73005833   
    0.026210955    0.10830074     0.020882418  
   -0.099142205   -0.067064183   -0.39458178   
    0.10759786     0.091159309    0.25665238   
    0.016321719   -0.030428666    0.14757846   
   -0.10798048     0.052921021   -0.31263413   
   -0.042835477   -0.040435052   -0.54083763   
    0.036987237    0.047730782   -0.21757684   
    0.030819281   -0.047784062   -0.28495211   
    0.017073194    0.0081771016   0.35291075   
   -0.12783962     0.0047934745   0.0078790374 
   -0.085358067   -0.073774449   -0.089333774  
    0.0016887339   0.013073224   -0.28926403   
   -0.12948397    -0.055188563   -0.024460035  
   -0.027366194    0.03976217    -0.010210377  
   -0.1015432     -0.0064108256  -0.59148933   
    0.10129888     0.024784463    0.13689494   
    0.054049738    0.06940511    -0.28860016   
   -0.041245283   -0.015828513    0.13801342   
   -0.14827148    -0.062983013   -0.56745839   
    0.092480994    0.10451095     0.51152615   
   -0.16784592    -0.111388      -0.64725249   
    0.063339832    0.12410095    -0.01601837   
    0.024248192    0.060019489   -0.24480631   
   -0.022413763    0.060683184    0.058584993  
   -0.052129362   -0.094782499   -0.5660542    
   -0.065409742    0.049067517   -0.26468901   
    0.072696837   -0.072820329   -0.35813878   
    0.031222526    0.03831436    -0.031349303  
    0.032921049   -0.0027765167  -0.43148605   
    0.018316606    0.026401389   -0.0099847123 
   -0.0073616048   0.001980545   -0.006809376  
    0.0014280243  -0.062205876   -0.88798041   
    0.022652672    0.037203409   -0.2650965    
   -0.036212843    0.00043887147 -0.12285928   
    0.00072262443  0.037172197   -0.17584106   
   -0.037471187   -0.0011512446  -0.24450462   
    0.021170798    0.09711349    -0.17586329   
   -0.12510571    -0.10557833    -0.68207282   
   -0.0029401907  -0.088322829   -0.65251211   
   -0.034661135   -0.0012998421  -0.16327075   
    0.063418573   -0.0072037473  -0.11928036   
    0.192958       0.011671762    0.079367217  
   -0.061916109   -0.044005015   -0.047825831  
    0.039291997    0.020493247   -0.13644939   
   -0.029877916   -0.10935775    -0.50051745   
    0.040776727   -0.011180315   -0.46971708   
   -0.05600598     0.061153641   -0.054989447  
    0.066619974    0.071917831    0.063519342  
    0.11400767     0.070441359    0.42171429   
    0.035857644    0.069427207    0.22477018   
   -0.049996389   -0.064530922   -0.414397     
    0.03589409     0.0068939675   0.22422229   
   -0.056291286    0.011317876    0.090968754  
    0.093408637    0.012152153   -0.38517182   
    0.043008808   -0.025108513    0.026658703  
   -0.12098832     0.1037257     -0.45086995   
   -0.08126368    -0.031825177   -0.2328634    
   -0.043050788   -0.026425956   -0.043232142  
    0.030885796    0.075373839    0.49084132   
   -0.18213358     0.0075325324  -0.29322344   
   -0.023224818   -0.071838328   -0.35549061   
   -0.094659172    0.076971257   -0.51660383   
    0.0081111229  -0.086925802   -0.50304161   
    0.0099074129   0.00031118991  0.16731426   
    0.0057130868  -0.066767492   -0.048301754  
   -0.087842443   -0.098918759   -0.37256274   
   -0.038823121    0.063741052   -0.17253083   
   -0.035303593    0.036825719   -0.36216033   
   -0.030830368   -0.060508449   -0.073672973  
   -0.1617783     -4.3902975e-05 -0.092801934  
   -0.017546872    0.074756827   -0.3014519    
   -0.072455273   -0.043518323   -0.52150007   
    0.009381468   -0.068663175   -0.30937107   
    0.1385417     -0.043032567   -0.50478798   
    0.07305736     0.088561959    0.25586781   
   -0.025244612    0.014707339    0.34371628   
   -0.021612132    0.018762706   -0.058293938  
    0.092787618    0.10622295    -0.27193168   
    0.040008483    0.026692522    0.016620929  
    0.10077985    -0.0047176888  -0.13956549   
   -0.11660918    -0.067854533   -0.28089503   
    0.0067235024   0.050180598    0.19685828   
   -0.11722615    -0.066566062    0.0034306311 
   -0.11852113    -0.14427153    -0.69942959   
   -0.081508649   -0.0013127772   0.085789738  
   -0.0079143216   0.022856076   -0.21192189   
   -0.081500078   -0.25694409    -0.54931191   
    0.0002717049  -0.1287084      0.25572513   
   -0.20603782    -0.080298916   -0.86216572   
   -0.062601272    0.070684022   -0.099033607  
   -0.065543102    0.046180877   -0.15953538   
    0.015450423    0.0025172471  -0.10052692   
   -0.14204832    -0.089139918   -0.49073515   
   -0.041856217   -0.023072785   -0.24040856   
   -0.01441247    -0.055875566   -0.40323337   
   -0.061026356    0.035920086   -0.46678451   
    0.063302544   -0.019661944    0.0018475115 
   -0.016839695    0.06733143    -0.41515765   
   -0.049133717    0.018725845    0.1018627    
   -0.0036722997   0.055362783   -0.47137668   
    0.076674052   -0.045744521   -0.30509562   
    0.044168298    0.026911063   -0.5480305    
    0.043540015   -0.10707571    -0.13773725   
    0.072070399    0.024669613    0.84054729   
    0.096098164    0.037590675   -0.33757564   
    0.02051682    -0.030502044    0.072779333  
   -0.084986689   -0.050144345   -0.49325029   
    0.054512129   -0.030118521   -0.066464291  
    0.022198095    0.026188224   -0.36717431   
    0.062491338    0.13526671     0.12940569   
    0.13335215     0.0088914638  -0.068779434  
   -0.081911257    0.012714326   -0.43449095   
    0.034392429    0.022335344   -0.65218203   
    0.12835871     0.038596565    0.14724895   
   -0.0090043924  -0.10146399     0.056356276  
   -0.040789883   -0.05037874    -0.18690477   
   -0.027585416   -0.038177561   -0.54065798   
   -0.016053196   -0.036976753   -0.23162065   
   -0.018181953    0.024418196    0.39596379   
   -0.036408281    0.057294644   -0.46146974   
   -0.047467402   -0.048468721    0.27472816   
   -0.012516693    0.026742963    0.11533174   
    0.092478432    0.078005923   -0.23468635   
    0.15997574    -0.0091829552  -0.41033092   
   -0.095345129   -0.048950645   -0.50302078   
    0.070135489    0.019232177   -0.14817525   
    0.040524607    0.12635002    -0.51355996   
    0.057055798    0.07002376     0.017095502  
    0.037138165   -0.017169332   -0.11224419   
   -0.13250609     0.0020054497  -0.4539116    
    0.034117669    0.061926755   -0.27263236   
    0.0012051527   0.039051835   -0.13587674   
   -0.016769122    0.017841476   -0.28077117   
   -0.03062663    -0.065373579   -0.022371001  
   -0.01752402     0.098565733   -0.063890421  
    0.027593996    0.090193063   -0.055362227  
   -0.08681609     0.0059416554  -0.53265492   
   -0.076584143    0.18161766    -0.22633683   
   -0.043750512   -0.10382116    -0.55031982   
   -0.068128365   -0.0090423599  -0.45440562   
    0.016289865   -0.062797466   -0.3893299    
   -0.072099386   -0.046357138   -0.064396218  
    0.008049507   -0.011186784    0.012673835  
   -0.012537338    0.06294529     0.13640532   
   -0.053507232   -0.061970457   -0.19889852   
    0.1184708      0.049413149   -0.26495472   
   -0.15331467    -0.024442256   -0.1537656    
   -0.066447202    0.010420838    0.29975056   
   -0.10750121    -0.16258618    -0.30172431   
   -0.027298579   -0.056566225   -0.11499738   
   -0.016375449    0.022258213   -0.089095534  
   -0.021973039   -0.047545586    0.019001515  
   -0.037094888   -0.11795654    -0.22638211   
    0.024509202    0.11300303    -0.1179665    
   -0.040339421   -0.082948344   -0.51455437   
   -0.012615889   -0.091915231   -0.29432648   
    0.039570152    0.057665034    0.00076001282
    0.014960545    0.033006698   -0.23880828   
    0.024870294    0.019583418   -0.27145113   
   -0.017954641   -0.069825903   -0.35695712   
    0.086103086   -0.040432578    0.028685692  
    0.010583819    0.0039020107  -0.11065677   
    0.16790794    -0.010310434   -0.28239792   
   -0.13692958    -0.090904544   -0.70077452   
    0.027095639   -0.01964114    -0.028038441  
    0.024408193    0.058061283   -0.51729108   
    0.052299259    0.056791445   -0.0052486031 
   -0.0007073874  -0.021194315   -0.19528764   
    0.050923195    0.032640268   -0.010088687  
    0.045840981    0.004841774   -0.26562415   
    0.057209741   -0.0047367003   0.41786403   
   -0.065181264   -0.0038046825   0.02325053   
    0.13785489     0.088311269   -0.11044361   
   -0.16572252    -0.068825052   -0.17553062   
   -0.061059083   -0.029329358   -0.06590428   
   -0.0056665062   0.037972728    0.13751664   
    0.079527743   -0.026691987   -0.19258561   
   -0.0027512041   0.07659235    -0.58834029   
   -0.036884138    0.039064871    0.1998333    
   -0.0067650768   0.049257093   -0.24796553   
   -0.032525277    0.016152419   -0.070276332  
    0.19698006     0.092503683    0.31635512   
    0.014793232    0.017723588   -0.12449358   
   -0.0048623997  -0.11117612    -0.03419034   
   -0.0036947457   0.02884761    -0.17903401   
    0.043076456   -0.084774044   -0.4708883    
   -0.05439512    -0.081818383   -0.30279417   
   -0.06811668    -0.08644051    -0.58912593   
   -0.062578252   -0.027123083   -0.096258209  
    0.011661861   -0.0056202729  -0.20957198   
   -0.0062951556  -0.10524093    -0.28426802   
   -0.04728266    -0.017317663   -0.12303446   
   -0.10480844    -0.0038742406  -0.3603197    
   -0.047395188   -0.00031545885 -0.37844602   
   -0.13038377    -0.027689932    0.49801248   
    0.0083109686  -0.0033383733  -0.05728067   
   -0.064740872   -0.036371557    0.13440095   
   -0.02370754    -0.079407757   -0.13201126   
    0.047395706    0.042372444    0.2594205    
   -0.067529104    0.056370113    0.10923744   
   -0.058155893   -0.077057967   -0.56011983   
   -0.025626727   -0.00012879587 -0.080706862  
   -0.075051634   -0.17036188    -0.29751573   
    0.0016076155  -0.091607704   -0.24696986   
   -0.068056675   -0.097940776   -0.23140453   
   -0.017233106   -0.051775227   -0.59767044   
   -0.014495181    0.057425104   -0.29090966   
   -0.041547426   -0.052899526    0.23013746   
    0.0076604033  -0.14303923    -0.46078321   
   -0.030437008   -0.0090208973  -0.39146011   
    0.079744983   -0.054689061    0.46436284   
   -0.06680254    -0.052936006   -0.10322621   
    0.043048976    0.13437332     0.42345171   
   -0.011182287   -0.086134499   -0.53672289   
   -0.032611487   -0.077501344   -0.23647782   
    0.13241111     0.029131747    0.27038263   
   -0.003873804   -0.003648551   -0.40203771   
    0.015583875    0.016283105    0.25362324   
    0.031752217   -0.017320957   -0.69101988   
   -0.11850717    -0.094885203   -0.20337883   
   -0.0082096228  -0.078328066   -0.094412282  
    0.13763651     0.062864879    0.27691761   
   -0.094713955   -0.053020243   -0.61102151   
    0.0017651386   0.039353289   -0.36728193   
    0.12810283     0.0098048831  -0.070014377  
   -0.11690907    -0.1272719     -0.43839739   
    0.0022513851  -0.030955888   -0.15643625   
   -0.050146563   -0.041513499   -0.52133514   
    0.048125578    0.069598069    0.0039713142 
   -0.12480117    -0.074309807   -0.30415407   
    0.011226904   -0.010309943   -0.60264031   
    0.10900935     0.005769778   -0.30123567   
   -0.048520918   -0.13078226    -0.27721796   
   -0.07902386    -0.080242935   -0.4091722    
   -0.015080122   -0.032720024   -0.53861084   
   -0.051494022    0.09552635     0.10958765   
   -0.11223957    -0.016836691   -0.29182253   
    0.0017546858  -0.022443484    0.04151636   
    0.029181549   -0.065132939   -0.34333365   
   -0.140969      -0.18755042    -0.67515009   
    0.060390562    0.024101402   -0.1817127    
    0.066082358   -0.079543281    0.021119456  
   -0.047330152   -0.023760538    0.034506676  
    0.025587481    0.084283662    0.051442766  
   -0.012346228    0.044736866   -0.31155379   
    0.095966974   -0.11328267    -0.4838482    
   -0.08116975    -0.0001146125  -0.47132238   
    0.0638891      0.025344469   -0.36453044   
   -0.04157335    -0.15859845    -0.14742789   
    0.0026043569  -0.093425044   -0.5532827    
   -0.15587623    -0.091898826   -0.36945995   
    0.0058347239  -0.1342792     -0.21927219   
    0.025194823    0.16239922    -0.30242999   
   -0.075508052   -0.12575694    -0.024194639  
   -0.1083165      0.025397419   -0.81803206   
   -0.014937968   -0.021430948   -0.14283004   
   -0.027061291    0.014451128   -0.78865792   
    0.0041664062   0.036669944   -0.04954457   
    0.006297426    0.0073308829  -0.25382038   
    0.027239335   -0.019159213   -0.087303977  
    0.067847397   -0.034208071   -0.29125188   
   -0.043093441    0.044134366   -0.4354231    
   -0.12594787    -0.05873733    -0.22683609   
    0.033764007   -0.024752413   -0.12267652   
    0.084518152    0.023337565    0.35850203   
    0.049996575   -0.015751154   -0.13003967   
    0.050683564    0.079818065    0.23310975   
   -0.013709472   -0.091858552   -0.3917766    
   -0.10201107     0.093665985    0.27325076   
   -0.033083012   -0.077632219   -0.007027741  
   -0.035412314   -0.11596272    -0.79578044   
   -0.032602066    0.051138583   -0.080991362  
   -0.030858981    0.067343675   -0.35708336   
    0.014119824    0.049046668    0.39506024   
    0.070738679    0.08597239    -0.0058701856 
    0.092739039   -0.001450685    0.18130095   
   -0.18772182     0.037661211   -0.60221519   
   -0.057145106    0.020361587   -0.35080942   
   -0.084817741   -0.097183239    0.080713689  
   -0.00012928895  0.065789849   -0.19694636   
   -0.16244175    -0.19492144    -0.6435065    
   -0.02147512    -0.052592695   -0.3977143    
    0.016618053   -0.089615373   -0.14625238   
    0.03759388    -0.053580604   -0.21170733   
   -0.08174579     0.095073381   -0.012253183  
   -0.088376112   -0.10150032    -0.28145165   
    0.023521321   -0.062488234    0.10767005   
    0.0088253178   0.070173732   -0.1252862    
   -0.11771346    -0.049575078   -0.62861825   
   -0.19591099    -0.06567773    -0.28204109   
   -0.1166155     -0.090623308   -0.243727     
    0.14945698    -0.043889486   -0.13169151   
   -0.17523638    -0.15015395    -0.40210983   
   -0.01619121    -0.049057134   -0.25740007   
   -0.012356131   -0.04704005    -0.72431147   
    0.080583684   -0.037272098   -0.23918585   
   -0.00022632722  0.0013789411  -0.15576563   
   -0.031156844   -0.10874192    -0.054328285  
   -0.088510714   -0.026479226   -0.46383099   
    0.050101842    0.049311205    0.26961146   
    0.15723251     0.079661002    0.095563365  
   -0.017101519    0.054286657   -0.74372839   
   -0.017439908   -0.028503185   -0.17679888   
    0.011977193    0.01101818    -0.43044016   
    0.018502357   -0.061869679    0.17534786   
   -0.13926964     0.012868436   -0.4578907    
   -0.12910269     0.0025847038  -0.66344043   
   -0.076233756   -0.046789723   -0.90792662   
    0.10982167     0.088942918    0.0088031715 
    0.16117614     0.0039890814   0.0042480023 
    0.075480515    0.066056066    0.14712995   
    0.036368106    0.065780972   -0.11470035   
   -0.24127395    -0.060961257   -0.54155281   
    0.0042784633   0.051192289   -0.20085024   
   -0.069134548   -0.039069041    0.059791353  
    0.021576678    0.045781112    0.20561192   
   -0.03256092    -0.039007654   -0.39954305   
   -0.1121644     -0.14966235    -0.3934032    
    0.011184488   -0.063655844   -0.30634528   
   -0.071570784   -0.16605621    -0.02274585   
    0.023278014   -0.10462465    -0.36509988   
   -0.11457994    -0.10245947    -0.14935886   
    0.020270611   -0.010056546    0.56691721   
   -0.096173635    0.098279591   -0.40100259   
   -0.076685093   -0.0055882952  -0.43661861   
    0.011768686   -0.017763826   -0.24954067   
    0.1506397      0.13386195     0.53872642   
   -0.074309938   -0.026248555   -0.65914098   
   -0.026700052    0.067526924   -0.035093865  
    0.06490228    -0.028379738   -0.47498663   
   -0.088811521   -0.046188635   -0.21043256   
    0.042064385   -0.066168638   -0.11206589   
   -0.018350022    0.036721231    0.025223316  
    0.018036959   -0.013873755   -0.55015432   
   -0.128333       0.0072047212   0.11858755   
   -0.13025206    -0.021922164   -0.25297823   
   -0.091586969    0.020540795   -0.26730564   
   -0.11001249    -0.18277947    -0.39871061   
   -0.20491452     0.052996159   -0.48855098   
    0.03068343    -0.0064016594  -0.34465839   
   -0.06058069    -0.082480488   -0.13934721   
   -0.010793512    0.038578688   -0.0055321895 
    0.029015101   -0.075474714   -0.28432133   
   -0.029787949   -0.10743423    -0.7538245    
   -0.04024156    -0.10187414     0.2912111    
    0.11082719     0.13731811    -0.17959634   
   -0.092589017    0.01535193    -0.37958393   
   -0.03328152    -0.04807989    -0.53913662   
   -0.0033877028   0.074516242   -0.37475832   
   -0.0058883865   0.039698747   -0.2837455    
   -0.11426153    -0.11667416    -0.047991053  
    0.0558382      0.066083726    0.29070568   
    0.03092118    -0.069932397   -0.34208427   
   -0.026297902   -0.036234186   -0.58105179   
    0.0076190524   0.030418154   -0.11214158   
   -0.20795761    -0.11683419    -0.42922483   
    0.077965496   -0.065859471   -0.45443219   
    0.023755014   -0.059792071   -0.23062924   
   -0.045364896    0.02961572    -0.23081753   
   -0.091893965    0.066593524    0.19736402   
   -0.15334074    -0.011137589   -0.32053863   
    0.0039161875  -0.056900863   -0.13919201   
    0.03838123    -0.065390916   -0.29889815   
   -0.014298843    0.08457432    -0.077388541  
   -0.056203526   -0.026236971   -0.08530753   
   -0.11980299    -0.10525804    -0.23985789   
   -0.087062842    0.061788675    0.26773791   
   -0.066568651   -0.11275577    -0.24711401   
   -0.01423522     0.045407125    0.27352665   
   -0.050292104   -0.18182639     0.059829153  
   -0.078444746   -0.040212918    0.049254307  
   -0.077295572   -0.12336539    -0.10016802   
   -0.077308608   -0.057954197   -0.53699545   
   -0.050529576   -0.023784492   -0.36622238   
   -0.10365117    -0.010941149   -0.53048484   
    0.057039032    0.06047101    -0.018936476  
   -0.085756852   -0.075287324   -0.14669504   
   -0.0077144641  -0.06332449    -0.47290787   
    0.010244712    0.051309669    0.21329017   
    0.0050728894   0.054306807   -0.05528498   
   -0.042753055   -0.0012305801  -0.47494096   
   -0.0094583026   0.090638771   -0.089851892  
    0.13960935     0.065199583   -0.053449332  
   -0.033831249   -0.045137314   -0.38295568   
   -0.047955881   -0.15720252    -0.18894885   
    0.053647426   -0.043852085   -0.75793391   
   -0.1231725     -0.080672281   -0.83691671   
    0.079474804   -0.15409942    -0.21266677   
    0.050043979    0.046272203    0.57373817   
    0.044879333    0.007942686   -0.23969067   
   -0.0492612      0.051906487   -0.15168116   
    0.11984463     0.048067687    0.28897162   
    0.055116067    0.032842065    0.13297353   
    0.13745502    -0.039064382   -0.062362395  
   -0.057867098   -0.0013439816  -0.27383544   
    0.027239297    0.021547275    0.14252202   
    0.063654567    0.1936999      0.023223621  
    0.02922206    -0.059355285   -0.22214348   
   -0.15636478    -0.04469736    -0.62630763   
    0.034908368    0.05832658     0.26541534   
   -0.13082081     0.0023199957  -0.48252124   
   -0.079883228   -0.035757069   -0.71937438   
   -0.057143412   -0.0079612298  -0.050283468  
    0.04236606    -0.012125934    0.015849629  
   -0.019026275   -0.081578857   -0.66313676   
   -0.072046858   -0.081605721   -0.29885761   
   -0.045387835    0.080020471    0.027844951  
   -0.011346662    0.037160239    0.013938711  
   -0.10738755     0.037928153   -0.58552122   
    0.044860068   -0.12481114    -0.16021675   
   -0.15504703    -0.24127736    -0.81151418   
    0.086974583    0.12231343    -0.4027524    
   -0.24724767    -0.056239238   -0.18944342   
   -0.0022377479  -0.037218773   -0.012956724  
   -0.1140333     -0.14358623    -0.17360275   
   -0.065297937   -0.025578219   -0.093719711  
   -0.036385542   -0.066275412   -0.26944661   
   -0.12360641    -0.15406541    -0.21848732   
    0.0095122577   0.053865669   -0.29646867   
   -0.013351883   -0.016948798   -0.91532929   
   -0.058795464    0.002150169   -0.082095747  
   -0.049111392   -0.058522039   -0.42169601   
    0.013376383    0.048996494   -0.43957219   
    0.009987924   -0.10323532    -0.3423987    
   -0.017977317    0.019166189   -0.26311182   
    0.030418747    0.059784572   -0.39493055   
    0.049571861    0.023982164    0.14841205   
   -0.0030960614  -0.029386849   -0.55744362   
    0.017535486    0.16522858     0.0034177865 
    0.033652232   -0.13994547    -0.18445589   
   -0.0041391442  -0.076497242   -0.30722535   
    0.063796287    0.052626587    0.31636515   
   -0.097112501   -0.17581316    -0.39574458   
   -0.017698058   -0.075603329   -0.49240658   
    0.077827052   -0.031607452   -0.11230751   
   -0.013633429    0.12315606    -0.42054435   
   -0.1403807     -0.11053471    -0.20743749   
   -0.084756888   -0.098102575    0.12914314   
    0.097911432   -0.15728521    -0.013344139  
    0.02081473     0.036309036   -0.49805524   
   -0.033381184    0.098334851   -0.70441888   
    0.093981007    0.056476554   -0.10236697   
   -0.066536049    0.017412462   -0.53874318   
   -0.013078727   -0.16433664     0.22127554   
   -0.075323288   -0.037910872   -0.27019141   
   -0.083225061   -0.038000227   -0.20358211   
    0.054439275    0.069999063   -0.28951848   
   -0.13379148    -0.11860917    -0.032528534  
    0.010792463   -0.046654234   -0.21966741   
   -0.077085996    0.16813826    -0.50955442   
    0.033088299   -0.043670252   -0.3902366    
   -0.061396419   -0.0024202361  -0.35690007   
    0.024886237   -0.021014488   -0.18557705   
    0.12113129     0.052117921   -0.11494305   
   -0.11633359     0.00047656157 -0.45828787   
   -0.033143754   -0.080357622   -0.1836367    
   -0.003241689   -0.026411648   -0.30966057   
   -0.11213265    -0.20295015     0.3897376    
   -0.11341392     0.011834264   -0.16359622   
    0.018585565   -0.039875967    0.23829755   
   -0.0030224796   0.045195739    0.0205083    
   -0.20119989     0.04235487     0.0024250174 
   -0.020772377   -0.039126005   -0.28796673   
    0.069786774    0.036363408   -0.39229128   
   -0.12837275    -0.15876454    -0.69028247   
   -0.026349951   -0.06673331     0.074805865  
    0.021331195   -0.08390646    -0.10344435   
    0.0098903488   0.030872008    0.27510445   
    0.0052727163  -0.1746337     -0.22599983   
   -0.07102836     0.020443813   -0.10611438   
    0.066233293   -0.034938918    0.13253093   
   -0.03835857    -0.14663325    -0.36259307   
    9.0889876e-05  0.036493061   -0.099803285  
   -0.11971438    -0.027344774    0.2261148    
    0.15543119     0.20880662    -0.1432195    
    0.027588705   -0.037331852   -0.4827288    
   -0.071670092   -0.0074991279   0.073115006  
   -0.053096736   -0.083167412   -0.26283531   
   -0.12775101    -0.1017329     -0.10459863   
   -0.064348461   -0.12277758    -0.31009153   
   -0.10887502    -0.028877343   -0.38529462   
   -0.12153684    -0.029852474   -0.29059993   
    0.01016598    -0.034256055   -0.061010585  
    0.0096544695  -0.082386896   -0.089403443  
   -0.036269681   -0.14591937    -0.29034219   
   -0.031180532   -0.03789574     0.10366551   
   -0.042369086    0.043589014    0.019655972  
   -0.086252102   -0.067911024   -0.42341087   
    0.10660952    -0.059652137   -0.36713541   
    0.11267475     0.07210503    -0.023813781  
    0.00083983805 -0.08502725     0.011303745  
   -0.011436676    0.045741149   -0.33006819   
    0.026171901    0.013472304    0.072399704  
   -0.078610561    0.038891521   -0.053999406  
    0.024608855    0.055284381   -0.11712967   
    0.010196143    0.11236654    -0.087650348  
    0.026355538    0.010208446   -0.10834374   
   -0.0018526168   0.040197332   -0.1355236    
   -0.056833847    0.078088193   -0.22150741   
   -0.081303914   -0.16859074    -0.19430852   
    0.048488216   -0.02518595     0.084221205  
    0.072353948    0.041391051    0.15654044   
   -0.0071166117  -0.085444062   -0.0022323079 
   -0.1265931      0.025259152    0.0067466185 
    0.058269855    0.040193305    0.27030431   
   -0.14611889    -0.033746184   -0.59851385   
   -0.13860061     0.023102124    0.40404283   
   -0.04409388     0.0018312449  -0.21569324   
   -0.085085295    0.038955366   -0.16597623   
    0.053718364    0.015382471    0.13190874   
   -0.10636281    -0.093501964   -0.39249152   
    0.11527707     0.024058142   -0.22428095   
   -0.074436251   -0.0471417     -0.20423831   
    0.034780305    0.0470695      0.0065799465 
   -0.0049227899  -0.089313252   -0.15760072   
   -0.099621608    0.018173431    0.059737484  
    0.016978008   -0.013587982   -0.0046273754 
   -0.1425109      0.019742696   -0.31897057   
   -0.01097559     0.07212789    -0.39286931   
    0.037686412   -0.085345902   -0.18664304   
   -0.10132444    -0.059572731   -0.09374648   
    0.012060401   -0.041499209    0.092226185  
    0.089807547    0.035739742   -0.44301673   
   -0.11775046     0.0035452343  -0.32390217   
   -0.082078146    0.0582822     -0.40923153   
    0.11631302     0.087170811   -0.13058406   
    0.033420472   -0.0028222589  -0.1776803    
    0.086659755    0.074881615    0.30326702   
   -0.093292008   -0.11075279    -0.2634386    
   -0.052595539   -0.010881772   -0.25437483   
    0.0072681218  -0.18557374    -0.047821573  
   -0.024663836    0.14033153    -0.23093471   
   -0.049387365    0.018799718   -0.33900379   
   -0.053296725    0.031423711   -0.087152185  
    0.012410031    0.061467437   -0.21396259   
    0.055165353   -0.0050386646  -0.13412495   
   -0.03172023    -0.055425373    0.21496094   
   -0.066275379   -0.021132166   -0.55727984   
    0.072357272   -0.038173223    0.12284423   
    0.10478801    -0.00055295617  0.37862422   
   -0.0089732999  -0.014225457   -0.34257868   
    0.055417531    0.11689822     0.29321188   
    0.01297935    -0.041737281   -0.37060715   
    0.037638975   -0.028043083    0.26458412   
    0.027706478    0.034085829    0.23550978   
    0.016926522    0.075740121   -0.079828663  
    0.0039566996  -0.10205599    -0.67239711   
    0.00069994784  0.041400757   -0.27076217   
   -0.10963428    -0.033315965   -0.035715431  
    0.084431425   -0.047489103    0.081565539  
    0.029135531    0.13512703    -0.12032966   
    0.062869978    0.063163179    0.100273     
   -0.059633609   -0.040226135   -0.40276584   
   -0.075164632   -0.011709479   -0.30728709   
    0.14302864     0.083884843   -0.31144067   
    0.0293514     -0.023877694   -0.39580165   
    0.0074804242  -0.042514492   -0.45580658   
   -0.10447986    -0.052932277   -0.60132779   
   -0.13440752     0.033685595   -0.49704332   
   -0.03108802    -0.051164027   -0.21353463   
    0.093135182    0.056830678   -0.51131966   
    0.038541815   -0.1077997      0.0278921    
   -0.083980211    0.0056367761  -0.42142869   
   -0.017983185   -0.18072348    -0.04417977   
    0.095069515   -0.055728541   -0.15591645   
   -0.11032929    -0.06254705    -0.49812432   
   -0.15538884    -0.15645565    -0.32915823   
    0.099935872   -0.11682414    -0.10037327   
   -0.069843788   -0.073966033    6.8340885e-05
    0.023643568   -0.015776363    0.27633811   
   -0.069864831   -0.00054658483 -0.33934723   
    0.03861202     0.048572357    0.43673903   
   -0.043300577   -0.030662299    0.024212895  
   -0.0016189744   0.048969881   -0.31913129   
   -0.066405496   -0.027808925   -0.51860752   
   -0.062463441   -0.095212372   -0.1096335    
   -0.03568736    -0.056931913   -0.10868786   
   -0.065088964   -0.024318973   -0.18508526   
    0.0019547495  -0.10364247    -0.32881523   
    0.046019402   -0.004320797    0.08571567   
    0.053562284    0.024666306   -0.07328587   
    0.038320802    0.12449184    -0.24398351   
   -0.076435928    0.13026861     0.010628931  
    0.057870351   -0.074529583    0.13892316   
    0.03234753    -0.0033479105  -0.30009191   
   -0.0016418772   0.047109163    0.24158151   
    0.05264532     0.062283006    0.30095497   
   -0.045889003    0.034007521   -0.43501102   
   -0.16170679    -0.10479069    -0.33791608   
   -0.047393034    0.081459819    0.020320746  
    0.014198628    0.13082099     0.19493381   
    0.04574859     0.086937      -0.14312609   
   -0.059250838   -0.10325607    -0.31534836   
    0.050957217    0.022893232    0.026992909  
    0.055623981    0.0028333306  -0.36559907   
    0.0058145036   0.011584774    0.24272763   
   -0.1225575     -0.018326258   -0.57561507   
   -0.14276486    -0.067224085   -0.15601685   
   -0.093497833   -0.039576933   -0.18395786   
    0.003222855    0.014423102    0.14364494   
   -0.029118294   -0.0096777176  -0.70550214   
   -0.079477966   -0.13104843    -0.54507617   
    0.059794071   -0.060781079   -0.44357971   
    0.02146445    -0.067413768   -0.51845996   
   -0.075244685   -0.017217292   -0.33256128   
    0.045826443    0.076143674    0.089738668  
   -0.0079707674   0.0083809069  -0.35994418   
   -0.097501565    0.0098445156   0.030101541  
   -0.079370507   -0.0066873972  -0.36212859   
   -0.020535424    0.0402438     -0.63309069   
   -0.099832192   -0.11412127    -0.39367772   
   -0.092742044   -0.010232348   -0.25785229   
   -0.071525637   -0.094279292   -0.19675619   
    0.0047104462   0.014661609   -0.05114163   
   -0.010288474   -0.034965174   -0.56380085   
    0.039144143    0.028708757    0.13155966   
   -0.070117865    0.031772945   -0.33513479   
   -0.034282765   -0.049981378   -0.32726269   
   -0.024038006    0.024482787    0.011704571  
   -0.12272206    -0.00051948205 -0.64927225   
    0.099757996   -0.013240366    0.0087452361 
   -0.032059006   -0.031988997    0.11343677   
   -0.038709318   -0.068701775   -0.30212106   
   -0.13444589     0.032869244   -0.081446416  
   -0.051170994    0.083783588   -0.28488429   
    0.0024906213  -0.0050956324  -0.17261777   
   -0.1467324     -0.013927669   -0.11233158   
   -0.20130948    -0.12917842    -0.38565363   
    0.003174641    0.044442592   -0.24404012   
   -0.060230346   -0.12369719     0.063149209  
   -0.047215495   -0.023079234   -0.078996042  
   -0.073388067   -0.047775169   -0.19893634   
   -0.091428837   -0.06471133    -0.61717153   
    0.011365292   -0.033105063    0.34777839   
   -0.088832525   -0.011000522   -0.18960929   
    0.089197312   -0.04695582    -0.16281409   
    0.045681685    0.05286258    -0.30411661   
   -0.073234678   -0.13154833    -0.14909347   
    0.03753682    -0.068374791   -0.10375583   
   -0.02111919    -0.081567362   -0.097228081  
    0.11597336     0.04016548    -0.027813864  
    0.001014667   -0.14092642    -0.19653403   
    0.046409939    0.01219904     0.2814371    
   -0.20536541    -0.23193296    -0.31218573   
    0.0075503625  -0.028431498   -0.29968951   
   -0.074538124   -0.083436727   -0.43383391   
    0.013740063   -0.098173817    0.056320709  
   -0.066395411    0.0016649856  -0.19903912   
    0.07561737    -0.0018892974  -0.04402515   
    0.046224853   -0.091858447    0.087347835  
    0.014336144   -0.13275352    -0.14220714   
   -0.093436837    0.050114786   -0.29170221   
    0.06694931    -0.17451031    -0.62951623   
   -0.027125234   -0.027618857    0.23864326   
    0.062798745   -0.062710419   -0.42307859   
    0.056493636    0.17885024     0.018577185  
   -0.080154172   -0.044889673   -0.49325211   
    0.00020588583  0.06461691    -0.064020772  
   -0.049776061    0.0067234593   0.076982253  
   -0.059125729   -0.05457854    -0.086463096  
   -0.10655906    -0.041685077    0.15619814   
   -0.084255789    0.011352753   -0.58324863   
   -0.089794848   -0.026313338   -0.23702044   
    0.020143103   -0.032631851   -0.5285366    
   -0.068658353   -0.17765933    -0.32845863   
   -0.17617916    -0.14730187    -0.70325536   
   -0.01810369     0.0065379107  -0.12351427   
    0.12321847     0.054928126   -0.060140043  
    0.014770373   -0.01389454     0.27578138   
   -0.11410244    -0.01176282    -0.064679008  
   -0.0014723706  -0.10815709     0.052400401  
   -0.078869224    0.056768622   -0.14503555   
   -0.00092834268 -0.043333219   -0.67604311   
   -0.042017025    0.080050412   -0.033592561  
   -0.048127062    0.034749484   -0.56472141   
   -0.053056208   -0.09887833    -0.3384605    
    0.010363079   -0.12225008    -0.087294215  
    0.10974465     0.076380648    0.16434816   
    0.0047136039  -0.027861048    0.054660881  
   -0.046975146    0.028985898   -0.011851548  
    0.017303556    0.021530926   -0.019847423  
   -0.049365847   -0.11203134    -0.048187054  
   -0.046022381   -0.031397051   -0.052655203  
   -0.14413333    -0.021281248   -0.78642176   
    0.01563525    -0.017216289   -0.47333912   
   -0.12915019    -0.066629014   -0.53267062   
   -0.093861395    0.040589781    0.2064507    
   -0.15939487    -0.10100842    -0.47405828   
   -0.083365741   -0.064611447   -0.4814399    
   -0.12037149    -0.031257676   -0.27261811   
   -0.015055363    0.020679212   -0.38239755   
   -0.011469832   -0.047311099   -0.24110079   
    0.0064493206   0.081667094    0.37122168   
   -0.075468377    0.059839489   -0.56467828   
    0.061071098   -0.036778516   -0.016522707  
   -0.070695003   -0.08257309    -0.0071746664 
    0.0036113666  -0.071159841   -0.28226575   
    0.063952786    0.10136883    -0.10328309   
   -0.029366588   -0.024981424   -0.13856225   
    0.027520565   -0.016037924   -0.31220781   
   -0.039374399   -0.04414713    -0.45302003   
   -0.11330607     0.024247643   -0.45832076   
   -0.036318708    0.034923821   -0.18805938   
    0.024098788   -0.013762082   -0.11699857   
   -0.15876696     0.013718904   -0.38558939   
   -3.5829939e-06 -0.039346246   -0.10082032   
    0.10883718     0.01863702     0.470951     
   -0.10253588     0.038840485   -0.01946542   
   -0.028052721   -0.066222638   -0.13352701   
    0.037505172    0.10867629    -0.097983185  
    0.01553788    -0.15758092    -0.55322928   
   -0.11240758    -0.039965365   -0.32897001   
    0.0063731921   0.025296311   -0.45310498   
    0.024979857   -0.063724619   -0.393097     
    0.11264099    -0.026276511    0.13729687   
   -0.11781392    -0.10755496    -0.28920384   
    0.078570188   -0.052089452   -0.25229123   
   -0.0095731048  -0.11325601    -0.30012202   
   -0.054117679   -0.08982399    -0.17631328   
   -0.07640672    -0.067504661   -0.50765889   
    0.03568623     0.016812913   -0.22541873   
    0.058870731    0.015678523    0.096424042  
   -0.029970245   -0.12408019    -0.32775949   
   -0.12072859     0.021313523   -0.94900267   
   -0.058230706   -0.064800101   -0.55275762   
    0.030421017   -0.032917929   -0.022295854  
   -0.004972481    0.028457707   -0.18019903   
   -0.039936423   -0.026440213    0.096848311  
    0.025625       0.024772231   -0.13732863   
    0.12647417    -0.016543089    0.23789741   
   -0.007724745    0.066127758   -0.66279675   
   -0.044283673   -0.049375793   -0.37548617   
    0.11187294     0.13769115    -0.050090468  
    0.038253151    0.027473265    0.22787904   
   -0.037798246   -0.091728403   -0.77832808   
    0.14194036    -0.036442134   -0.29744275   
   -0.0087131639  -0.10487433    -0.39443323   
    0.062334324   -0.0017057986  -0.21127421   
   -0.03515036    -0.037243188   -0.35752878   
   -0.018762746   -0.035891583   -0.3115768    
    0.0036162622   0.080487815   -0.24730599   
    0.042543      -0.017724594   -0.42081117   
   -0.0095194322  -0.055537008   -0.037237155  
   -0.0063801776   0.035992885   -0.10923012   
   -0.0026639772   0.098668831   -0.055236408  
    0.010019525   -0.014797635    0.08972865   
    0.10994598     0.092930654   -0.17509386   
   -0.012258329    0.043445293   -0.43333169   
    0.025845255    0.044578632   -0.072668011  
    0.026513269    0.035922547   -0.54186862   
   -0.059248313    0.052288568   -0.016071023  
    0.0076602669   0.0066916162   0.32766172   
   -0.1133172      0.00043818139 -0.15737257   
   -0.05552484    -0.044620534   -0.30489316   
    0.050765605   -0.065393537   -0.080087202  
   -0.052185182   -0.0084595754  -0.4556804    
    0.12115722    -0.023564212    0.032569614  
   -0.068018992    0.039569502    0.27439038   
    0.012279678    0.11261287    -0.067705239  
    0.02855697     0.0022779954   0.17779632   
   -0.028895763    0.032807511    0.17755803   
   -0.0063194201   0.0056092545   0.085949692  
   -0.10971542     0.0939722     -0.10026755   
   -0.040608508    0.0656122     -0.049086928  
    0.023590562   -0.06268702    -0.032718369  
   -0.0044309916   0.00033939869 -0.030104664  
    0.036159518   -0.032229139   -0.017068249  
   -0.11592474    -0.012228669   -0.35154498   
   -0.069462222    0.0013611028   0.1923431    
   -0.023509452   -0.098162469   -0.51859724   
    0.002371183    0.048963353   -0.083631685  
   -0.061889322    0.023915454    0.038832634  
   -0.061510707   -0.043048608    0.051764053  
   -0.017760739   -0.099483126    0.17605656   
    0.092733562    0.093652727    0.35536342   
    0.00043640856  0.00955193    -0.29115894   
    0.049149959    0.042032991   -0.030917968  
    0.099029735    0.048468109    0.31580002   
   -0.078286765   -0.093331285   -0.32278932   
   -0.074409665   -0.010625049    0.11853857   
   -0.087239948   -0.076589018   -0.44006875   
   -0.05473979    -0.0085088223  -0.72407679   
    0.09893543    -0.026464262   -0.013383672  
    0.08668123    -0.0091868813  -0.33991714   
    0.02009447    -0.068350592   -0.024622386  
    0.027664927    0.017086798    0.039783845  
   -0.044247855   -0.17516624    -0.49420622   
   -0.061581893   -0.090115989   -0.58014055   
   -0.11995392     0.0037838557  -0.41439602   
   -0.039420903   -0.085537342   -0.41241341   
   -0.036056259   -0.057733983   -0.40081795   
   -0.03862841     0.04842502     0.11490612   
   -0.0055173308   0.016411764    0.41655787   
   -0.040408284   -0.061206776   -0.029497708  
   -0.081287103   -0.054750078   -0.58939195   
    0.017200837   -0.0054918019   0.10308475   
   -0.04974958     0.14326414     0.10264218   
    0.13799146     0.030996507    0.24437192   
    0.039204971    0.08155166    -0.23677765   
   -0.0098491018   0.074729422   -0.083861514  
    0.011359203   -0.00073498668  0.13791204   
   -0.053805614   -0.11870604    -0.0014848699 
    0.041052736    0.036529773   -0.33125919   
   -0.038005746   -0.042398818   -0.43103926   
   -0.12435382    -0.17601501    -0.1635614    
   -0.045049599    0.083771992   -0.016430107  
   -0.010564454   -0.0067111377  -0.34796179   
   -0.11216082    -0.025945072    0.0069393265 
   -0.04935422    -0.07247281    -0.42116829   
    0.17294932    -0.077892308    0.11189382   
   -0.17480377    -0.10748758    -0.069923387  
   -0.025633164   -0.0071831966  -0.25458799   
    0.033973728    0.0062486408   0.20761667   
    0.0012842105   0.0026731417  -0.36036524   
    0.0074216831  -0.02025697    -0.56974977   
    0.0076607292  -0.10435576    -0.25281477   
    0.061682395   -0.0017732069  -0.025152284  
   -0.12882317    -0.059104256   -0.65035949   
    0.034421562   -0.018589591    0.31374922   
   -0.13786537    -0.081663288   -0.50341217   
   -0.044107713   -0.037031945   -0.40144454   
   -0.0027261188  -0.01917923     0.088587334  
    0.089301784    0.10718766    -0.11366289   
    0.14194603    -0.01049928     0.047317408  
   -0.016228347    0.032927706   -0.098394786  
   -0.19835106    -0.12843214    -0.077412791  
    0.016970936   -0.099066738   -0.059903864  
   -0.036037818   -0.016413532   -0.33941666   
    0.011662564    0.025918893   -0.14855478   
   -0.040534743   -0.023792227    0.25479138   
   -0.10250338     0.12916029    -0.13360241   
   -0.059765366   -0.074189657   -0.3100562    
   -0.048593171   -0.015187386   -0.25541265   
    0.022379948   -0.13279931    -0.0067159981 
   -0.059561406   -0.050122269   -0.037054869  
    0.062930367   -0.046979849    0.04708221   
   -0.11118427     0.0005918741  -0.067053976  
   -0.041047522   -0.042727977    0.28556011   
   -0.072156321   -0.084540244   -0.53277472   
   -0.14144331    -0.031301172   -0.053876145  
    0.11069013    -0.0070043153   0.18156348   
   -0.085423645   -0.0010113668   0.30547311   
    0.02409295     0.032953089   -0.40194344   
    0.010656425    0.036572334   -0.15654907   
   -0.1395976     -0.22604503    -0.58153677   
   -0.15447061    -0.10272439     0.0072027073 
   -0.021373693   -0.19782881     0.11464577   
   -0.13048951    -0.016505213   -0.24652842   
   -0.13530657    -0.1353985     -0.42221218   
    0.085052215    0.11943409    -0.73065349   
    0.057127065   -0.1483141      0.20366762   
   -0.053291985   -0.006907927   -0.39429925   
   -0.028333842   -0.14940895    -0.38550889   
    0.098059157   -0.035916639    0.0980913    
    0.09004824     0.20340543     0.14877718   
   -0.056137931    0.051731101   -0.10408058   
   -0.097423574   -0.067978921   -0.20669586   
    0.0018872378   0.031313518   -0.35947245   
    0.078495048    0.025688461   -0.45450266   
   -0.02194255    -0.001541654   -0.40390655   
    0.06621538     0.019103087    0.59510289   
    0.10614879     0.087378638   -0.0083550879 
   -0.018920702   -0.011673056   -0.27878644   
   -0.00020041887 -0.098634214    0.14208564   
   -0.0038163341  -0.012308094   -0.49308274   
    0.091178475   -0.029209848   -0.36657916   
    0.064151266   -0.013801856   -0.10886348   
   -0.081105079    0.019677427   -0.51364178   
    0.011214429   -0.088109106   -0.14387408   
    0.024965083    0.028943577   -0.11648605   
   -0.074725778    0.021916696   -0.31010922   
   -0.044922717   -0.012139187   -0.22758193   
   -0.013166813    0.0049036332  -0.37782133   
   -0.12054022    -0.06117185    -0.11984113   
   -0.054481426    0.040048914   -0.15171576   
    0.0079812428  -0.085957441    0.0044925213 
    0.00082240378 -0.13660007    -0.45700989   
   -0.07091218     0.01146873    -0.44499228   
   -0.08387363     0.11148391    -0.67220052   
   -0.089415915   -0.092071939   -0.54329482   
    0.12733371     0.061998421    0.39192233   
   -0.016110695    0.06712011    -0.062964621  
    0.027828058   -0.020219976   -0.17091268   
   -0.078950943    0.0055843332  -0.13587084   
    0.043790528    0.058600831   -0.075946648  
   -0.092305017   -0.066453298   -0.32454272   
    0.034022157    0.044033695    0.20493579   
   -0.016920514   -0.061104507   -0.096200425  
   -0.067114167   -0.021295117   -0.12308503   
    0.016706686   -0.11102145    -0.50130284   
   -0.017442012   -0.05935808    -0.28091524   
   -0.12376808    -0.02558836    -0.44210739   
   -0.094673624    0.085448179   -0.28203991   
    0.0078917903   0.040998322   -0.13501812   
   -0.083653172   -0.18498773    -0.22270081   
    0.09080554     0.040183164   -0.0046039981 
    0.053512778    0.016531595   -0.28042712   
   -0.079898241   -0.011038538   -0.20930444   
   -0.01636105    -0.071295357   -0.16055832   
   -0.058269715   -0.013482262   -0.29140511   
    0.0043027185   0.13487373    -0.088733983  
   -0.096784976    0.011587932   -0.28044538   
    0.04631446    -0.040666292   -0.46292789   
   -0.050297593    0.047177383    0.16140628   
    0.1099538     -0.03609028     0.054619239  
    0.0027115968  -0.0096015969  -0.20784878   
    0.1406763      0.025330619    0.23204668   
   -0.028586854   -0.055049075   -0.58982839   
   -0.049911319   -0.016289205    0.048984073  
   -0.0016896492  -0.070152748   -0.33982143   
    0.1277313      0.025265268    0.37330447   
   -0.081413701   -0.013287257   -0.17031107   
    0.036757602   -0.059497962   -0.16081978   
    0.029046974    0.024354985   -0.008101108  
   -0.15840743    -0.054863465   -0.47402969   
   -0.0088426638  -0.074175432   -0.14168526   
    0.061030567   -0.15621203    -0.045741923  
    0.090024693   -0.051620928   -0.1369676    
    0.051676844   -0.11850375    -0.088969999  
    0.060628812    0.02841136     0.35416397   
   -0.034163609    0.055852257   -0.22103783   
    0.1177476     -0.029445512    0.038338981  
    0.0030063708  -0.022193308   -0.032732008  
   -0.070005853   -0.11635043    -0.5809661    
    0.12213505     0.02097353     0.3471199    
    0.042871484    0.010176908   -0.17834593   
   -5.9070906e-05  0.061613328   -0.15238615   
    0.03755382     0.035134316   -0.14553778   
   -0.037363188   -0.011729727   -0.43782905   
    0.00035100213 -0.044811574   -0.12935452   
   -0.084561486    0.012857846    0.077513347  
   -0.090143207   -0.040156167   -0.13641893   
    0.0077688989   0.1198853      0.046377435  
   -0.11994219    -0.11901312    -0.72206389   
    0.061386096   -0.054191891    0.14056127   
   -0.048692616   -0.027060408   -0.17687471   
    0.12514756    -0.078615732   -0.42389194   
    0.0022876326  -0.094154211   -0.33156109   
    0.056399262    0.029744122    0.1735086    
   -0.031290187   -0.058010689   -0.55066029   
    0.025036753    0.072827949   -0.054810722  
   -0.13985341     0.0066562114  -0.40349176   
   -0.14967161    -0.046287659   -0.42159012   
   -0.048109216   -0.098824326   -0.40584422   
   -0.065382832   -0.061131966   -0.14087182   
   -0.052766866   -0.058502199   -0.38070666   
   -0.014770865    0.029146689    0.21021137   
    0.012626131    0.043442444   -0.23337995   
   -0.13261764    -0.14332769    -0.55393527   
   -0.049241994    0.0079537299   0.53868257   
    0.0021509453  -0.013533641   -0.29085936   
   -0.066833227    0.045408303   -0.036104563  
   -0.032949245   -0.013512241   -0.36858063   
    0.036336712   -0.078752965   -0.51648661   
    0.029614088   -0.1403393     -0.47118992   
   -0.10878204     0.0120111     -0.081146444  
    0.10580329    -0.033856989   -0.11500092   
    0.029517491   -0.050929215    0.21844187   
   -0.037199138   -0.17495053    -0.46386139   
    0.031732244    0.025339825    0.058831526  
    0.011815034    0.0095646764  -0.42802847   
    0.1158909      0.025196764   -0.24256199   
   -0.11510228    -0.09692597    -0.015667435  
   -0.076576637   -0.02331755    -0.33383893   
   -0.057417161    0.069523565   -0.069599879  
    0.027890127   -0.0096350732  -0.25622755   
   -0.032976751   -0.014533064   -0.36820123   
    0.040530232   -0.10884427    -0.809954     
   -0.14603357    -0.08822905    -0.52657903   
   -0.057873035    0.12831837    -0.38729314   
   -0.21459041    -0.18973953    -0.56795305   
    0.090724733   -0.051865841    0.083438093  
   -0.066236089   -0.080406327    0.019730577  
   -0.040503069   -0.092733433    0.20260913   
   -0.063495405    0.062860969   -0.26615329   
    0.051487307   -0.074906506   -0.051663231  
    0.019381353   -0.0069288976  -0.6788343    
    0.047443658    0.11922458     0.39787275   
    0.032274821    0.051773981   -0.094754071  
    0.025690026   -0.030631287    0.69472491   
    0.056541371    0.068246986   -0.080018354  
   -0.014696537   -0.05000926    -0.098274284  
   -0.015089869   -0.080947245   -0.52135388   
    0.081910558    0.0088495245  -0.30565756   
    0.11824545     0.087813689    0.19992335   
    0.082269153    0.029993415    0.4332983    
   -0.090780212    0.026859856   -0.27402159   
    1.1575389e-05  0.015304922    0.17704892   
   -0.099257184   -0.024452827   -0.15213045   
   -0.13067505    -0.17077423     0.14454957   
   -0.0090683043  -0.082020425   -0.086679769  
    0.10581739     0.091076825   -0.22081879   
   -0.081474124    0.053666161   -0.51673969   
    0.052683372   -0.012856525   -0.079227884  
    0.065105171   -0.051760967   -0.013158158  
   -0.0092518535   0.10899246    -0.66261034   
    0.02681227    -0.067145051    0.040155518  
   -0.14473304     0.021959924   -0.37911172   
   -0.12047676    -0.096531422   -0.51309054   
    0.013269816    0.030376376   -0.24580169   
   -0.11752744    -0.023253576   -0.37620191   
   -0.016493204   -0.053550925    0.28233992   
   -0.12075856    -0.039098658   -0.49580983   
    0.14340777     0.073051317    0.56602345   
   -0.030556489   -0.032708621   -0.065083192  
   -0.065231417   -0.019889798   -0.22268014   
   -0.18044443    -0.12317089    -0.59244647   
   -0.0060282657  -0.025861126   -0.47017072   
    1.8762274e-05 -0.098835406   -0.3065936    
   -0.12800521    -0.051094152   -0.43553217   
   -0.048294591   -0.004072791   -0.31655414   
   -0.14995996    -0.077193994   -0.50263567   
   -0.042395839   -0.10669898    -0.36237346   
   -0.071855166   -0.12939722    -0.12675452   
   -0.062717271   -0.024735572   -0.2790986    
   -0.060510981    0.0075993918   0.16049604   
   -0.072251337   -0.0030874957  -0.038083947  
   -0.090473708   -0.050001957   -0.36940302   
    0.090420988    0.03586198     0.057306749  
    0.065522756    0.11896389     0.3917681    
    0.0054963928   0.000638603    0.015401458  
   -0.066609688    0.016422035   -0.59694943   
    0.014663037   -0.064330644    0.20557887   
   -0.0021367506   0.0041004435   0.10972787   
    0.041220521   -0.14515693    -0.33664335   
   -0.099959298   -0.11835863    -0.55580178   
   -0.053178971   -0.073810783   -0.51317295   
   -0.13740989    -0.084901898   -0.073084379  
    0.018625074   -0.12719274    -0.34848151   
    0.051445224   -0.053821357   -0.40284371   
   -0.069220007    0.016925444   -0.26392937   
   -0.11071515    -0.17295104    -0.39340799   
   -0.11023575    -0.19093785    -0.4394491    
    0.022597339    0.034693816    0.046295244  
    0.068506709   -0.073522355   -0.1229088    
   -0.049783886   -0.034099885   -0.1932435    
    0.10602895     0.019752149    0.021553944  
   -0.037805786   -0.04647237    -0.22118948   
   -0.096122706   -0.10377361    -0.69935363   
   -0.04907561    -0.017974337   -0.33446179   
   -0.036946869   -0.1555496     -0.32143537   
   -0.089066304   -0.17992321     0.062650238  
    0.01375869    -0.0628242     -0.22563006   
   -0.048506166   -0.069763087    0.0057908581 
   -0.13094678    -0.022424991   -0.45895594   
   -0.033060653   -0.12326504    -0.28315678   
    0.01490797     0.12522201     0.012287764  
    0.023386166    0.07341749    -0.27290318   
    0.0801812      0.020086635    0.067370848  
   -0.042906146   -0.10745155    -0.34295305   
    0.046049929   -0.018448531   -0.011494919  
   -0.10281844     0.064169262   -0.5962587    
    0.076006229   -0.059056515   -0.51498523   
    0.049446964    0.04849763    -0.047854729  
   -0.084645565   -0.11239462    -0.61745664   
    0.065942431    0.03566244    -0.14915908   
   -0.0026174923   0.044202336   -0.0029262301 
   -0.032090847    0.012997051    0.044863825  
   -0.029315091    0.014025627   -0.56840562   
   -0.0022098721   0.046940754   -0.35658629   
    0.035834079    0.10727278     0.091917008  
   -0.0004439086  -0.015524194    0.22853652   
   -0.042713341   -0.11917969    -0.39956693   
   -0.082143359   -0.0070588897  -0.093029756  
   -0.097589819    0.021046727   -0.17415477   
    0.069917431    0.11254314    -0.032954904  
   -0.13535641    -0.079858867   -0.011736407  
   -0.0046377318  -0.11193016    -0.087053037  
    0.086357557   -0.018114101    0.28505374   
   -0.060718136   -0.10469059    -0.51952157   
   -0.026319987    0.083516772   -0.4024354    
   -0.15214632    -0.053973549   -0.47118709   
   -0.11656951    -0.0047543281   0.19652838   
   -0.063912361   -0.068935503    0.01915591   
    0.050776967   -0.047712845   -0.26494006   
   -0.13106108    -0.031988703   -0.26295242   
    0.053419916   -0.00041128748  0.040826409  
   -0.0012507725   0.0055040268   0.4787695    
   -0.24038283    -0.16654912    -0.29956752   
    0.045427713    0.0054656013   0.45835818   
    0.020838856   -0.12871022    -0.28640324   
   -0.086451401   -0.026007594   -0.43728137   
   -0.1348437     -0.00880054    -0.039562887  
   -0.09386907    -0.16283379    -0.70584963   
    0.092333117   -0.03931896    -0.03851715   
   -0.065412579   -0.13313814     0.10103947   
   -0.052113064   -0.21934       -0.21396705   
   -0.054348742    0.070852351   -0.037824324  
    0.066173515    0.00049693256 -0.084769258  
   -0.028672472   -0.010026521   -0.59095858   
   -0.13086812    -0.034567905   -0.51932772   
   -0.047079752   -0.021296257   -0.31087916   
    0.13307652     0.13271526    -0.14874914   
    0.022226084   -0.015352944    0.0032476732 
   -0.025186229   -0.0076422669   0.124054     
    0.092524554   -0.074975633    0.081175815  
    0.04216976    -0.061980316   -0.015773889  
   -0.034897581   -0.044734938    0.00955552   
    0.013649779   -0.00011109458  0.16745186   
   -0.038838593    0.023143007   -0.2268103    
   -0.053908974    0.0059168397  -0.47306463   
    0.12243982    -0.00054737478  0.12765447   
   -0.016413139   -0.11490408    -0.17874581   
   -0.14929515    -0.092244464   -0.30636328   
    0.00073215582  0.049683338    0.19668724   
   -0.078304296   -0.1524695     -0.38927048   
   -0.063351006    0.056155467   -0.30582388   
   -0.2196155     -0.062821614   -0.22953069   
   -0.030803448   -0.04037193    -0.0099035368 
   -0.058754679    0.013926956   -0.22786243   
    0.019038371    0.0071540414  -0.59343331   
    0.021748742    0.043075158    0.12240177   
   -0.081685079    0.06313581    -0.14221175   
   -0.033258495   -0.035125473   -0.096752129  
   -0.035576764   -0.013502613   -0.3224829    
   -0.10636102     0.0037407407  -0.22094922   
    0.078814341    0.060170851   -0.31447318   
    0.082571595   -0.0029640623  -0.42092739   
   -0.13547421    -0.020735833   -0.28680241   
    0.021170704   -0.051437321   -0.48129459   
   -0.075930219   -0.038764832   -0.39483129   
    0.049200455   -0.032085947   -0.084772382  
    0.081083635   -0.0094324988   0.074259661  
   -0.067374657   -0.057047474   -0.4740687    
    0.05072723     0.020589676    0.21647016   
   -0.15690999    -0.044694852   -0.8502983    
    0.034145654   -0.12953624    -0.2626472    
   -0.035074749   -0.137215      -1.0275496    
   -0.047509515   -0.026761961    0.14662831   
   -0.075404023    0.083590498   -0.20869083   
    0.013629686    0.070518858   -0.2805993    
    0.10272097     0.013035165   -0.25424757   
    0.022575383    0.019618294   -0.050326495  
   -0.02711411     0.016807744   -0.38154421   
    0.088770577   -0.03404089     0.078742419  
   -0.023490466    0.028561538   -0.3434605    
    0.018957597   -0.062673979   -0.3196106    
   -0.0094299767  -0.019102502   -0.30711552   
   -0.061717475   -0.063649805   -0.19307247   
   -0.048803202   -0.054151599   -0.016726777  
   -0.045477863    0.06999018    -0.12773955   
   -0.18659795    -0.10447486    -0.72142318   
    0.036961051   -0.046763728   -0.16867168   
    0.098121274    0.10490364    -0.44589615   
    0.00089927249  0.066373898   -0.12348793   
   -0.11967267    -0.094025059   -0.30888176   
   -0.19884076    -0.022454399   -0.056760931  
    0.030394739    0.023386917   -0.27104457   
   -0.17113054     0.0010657465  -0.63233583   
   -0.1040054      0.0014505375  -0.43910214   
    0.039947516    0.050454992   -0.28798987   
   -0.023282086   -0.026107485   -0.42980464   
   -0.01181785     0.051132946    0.05194452   
    0.0033890848   0.053005815   -0.049557952  
   -0.0092833809   0.061970715   -0.31407855   
   -0.066546119    0.086623325    0.035274442  
   -0.078377145   -0.11426867    -0.28793871   
    0.020555131    0.045154813    0.13579361   
   -0.098149523   -0.082823271   -0.51801521   
    0.031081214    0.014191384   -0.7272213    
    0.025011711    0.011026938    0.013474506  
    0.047751228    0.10274125    -0.1448708    
    0.0088602956  -0.075262656   -0.46956151   
   -0.15877855    -0.036652506   -0.26531314   
   -0.055303068   -0.060766806    0.14598446   
   -0.016990346   -0.028757869   -0.19660463   
   -0.15381372    -0.074939088   -0.11150839   
   -0.027854207   -0.080964874    0.16689023   
   -0.027119974    0.013842474   -0.11536142   
    0.025357981   -0.10128535    -0.36982411   
    0.088422908    0.024832591    0.17205977   
   -0.080508547   -0.083329035   -0.0035612017 
   -0.076348323   -0.007905685   -0.44549844   
   -0.021685904    0.0081954725  -0.093395323  
    0.04496782     0.057963426    0.0074110345 
    0.029531001   -0.11169881    -0.018528488  
   -0.03137552    -0.037856348   -0.27529512   
    0.029824802   -0.0088073149  -0.16127279   
   -0.065793097    0.0036462364   0.38094215   
   -0.040735275    0.00021507566 -0.28589173   
    0.10528394     0.030341245   -0.036229104  
   -0.026532493   -0.01528197    -0.093471959  
    0.078798589    0.033778213    0.052076761  
    0.052772201   -0.091371475   -0.15977269   
    0.13324635     0.0016101974  -0.22101999   
    0.060506931    0.08188975    -0.15545756   
    0.0070286258   0.033101089    0.12011705   
    0.1178376      0.014903136   -0.17615173   
   -0.15974893     0.01388174    -0.0053269675 
   -0.025640037   -0.035438268    0.052682823  
    0.11413336     0.08658642    -0.26299784   
   -0.014640447   -0.13076566    -0.73711156   
   -0.093071099   -0.055492036   -0.19845923   
    0.019860501   -0.035942594   -0.056041266  
   -0.0018919146  -0.082689281   -0.32302413   
    0.048197263    0.089044127   -0.3460233    
    0.10337358     0.16815792    -0.058402365  
   -0.011222444    0.08665809    -0.3724419    
   -0.087729305    0.052123389   -0.29884173   
   -0.11311916    -0.13861403    -0.23786556   
   -0.021891149    0.044764897    0.13271905   
    0.036725106   -0.016356036   -0.33776619   
   -0.090512467    0.041000904   -0.19658514   
   -0.12420176    -0.063955645   -0.11553334   
   -0.078663294    0.13363536     0.023633994  
   -0.071007482    0.13541756     0.07540022   
    0.049758007   -0.0055350121  -0.31590294   
    0.092032634   -0.083381154    0.37250047   
    0.049941239   -0.049961826   -0.33350531   
   -0.059524547   -0.023324365   -0.35495828   
   -0.03157082    -0.03274165    -0.30106035   
   -0.0026829875  -0.087588277   -0.45120762   
    0.0026266314  -0.03588601    -0.019837978  
   -0.05812386    -0.00065592287 -0.43424097   
   -0.085107266   -0.19787321    -0.32282493   
    0.041047801    0.061688091    0.20567904   
   -0.10584541    -0.038397147    0.025333358  
    0.0078423941  -0.0086680533  -0.027078348  
   -0.15083095    -0.045445301   -0.61459211   
   -0.033519424   -0.028460851   -0.27722398   
   -0.099628705    0.008469614   -0.25015272   
   -0.063455247    0.033314237   -0.53427877   
   -0.074243675   -0.14129182    -0.29301722   
    0.056535112    0.068023204   -0.051088598  
   -0.024348377   -0.035605117    0.030979828  
   -0.12728146    -0.075441551   -0.090028078  
    0.064560459   -0.038862264    0.18442946   
   -0.071255907   -0.075504836    0.10829102   
   -0.10740486    -0.076575739   -0.43665156   
   -0.092431351   -0.12370991    -0.17480942   
   -0.024038108    0.10793748    -0.61412757   
    0.031858087    0.013769245   -0.25180742   
   -0.0016738372  -0.13157074    -0.45772388   
    0.028080806   -0.087667965    0.069317974  
    0.026871368    0.016795481   -0.24902991   
   -0.10395806    -0.035926561   -0.03636351   
    0.0052358233   0.0022272795  -0.16192904   
    0.057647433    0.019704869    0.23355429   
   -0.1962578     -0.067560821   -0.81436016   
   -0.037307081   -0.039574995   -0.059762265  
   -0.088797472   -0.037482136   -0.57196876   
    0.016775102   -0.067304899    0.58308518   
   -0.058943671    0.054972748    0.040207884  
    0.019127225   -0.018063955   -0.0069638056 
    0.046831493   -0.017437468   -0.0314914    
    0.025645389    0.026350198   -0.19009663   
   -0.019984312   -0.0050847437  -0.2346459    
    0.055512117   -0.1102492     -0.0091151793 
    0.022059297   -0.03340004    -0.20622952   
   -0.0032776345  -0.03238874    -0.10928995   
   -0.018583852    0.034696667   -0.24159639   
   -0.1001586     -0.16186407    -0.71110242   
    0.10549737     0.034961198    0.14779859   
   -0.029247089   -0.048770122   -0.21004223   
   -0.13065589    -0.0016687268  -0.54790047   
   -0.052453623    0.010464684   -0.26401197   
   -0.04483689    -0.022765485   -0.36018984   
    0.1133877      0.005758172   -0.047473639  
   -0.12119298    -0.14013331    -0.524596     
    0.063263196   -0.048900832    0.6838517    
   -0.0071114096   0.025757697    0.20909238   
   -0.092859834    0.035434589   -0.36158389   
   -0.1113191     -0.088426465   -0.26405662   
   -0.04882837     0.089316228   -0.27478425   
    0.023600628    0.043918953    0.36404836   
   -0.1915967     -0.061651268   -0.61192212   
    0.0071799633   0.039948827    0.12376619   
   -0.19957176     0.035777442    0.048140702  
   -0.015147733    0.044229386   -0.244342     
   -0.070363369   -0.010383725   -0.43098769   
   -0.027487481    0.019276753    0.25350736   
   -0.013847459   -0.025257275   -0.18704066   
   -0.00090097163  0.11617355     0.38014459   
    0.0079289548  -0.02361355    -0.611605     
   -0.1748337     -0.071825167   -0.49593314   
   -0.046500644   -0.10271008    -0.39724792   
   -0.081920128   -0.11226067    -0.57920038   
   -0.07116491     0.026373403   -0.070413393  
    0.083163595   -0.087827827   -0.4796418    
    0.02524717     0.022741476   -0.27194397   
   -0.11033411     0.021622078   -0.71210827   
   -0.021856658   -0.049947193   -0.29080474   
    0.032015949   -0.018809274    0.021471189  
    0.098791503    0.016268303   -0.18331124   
    0.05441326     0.034388948   -0.10110644   
    0.097456454    0.033859408   -0.131989     
    0.16620989    -0.032056995   -0.020068548  
    0.024550029   -0.094791942   -0.55050676   
    0.038775011    0.037061266   -0.031790452  
   -0.003004044   -0.069387876   -0.0095676824 
    0.064765305    0.049057196   -0.24569791   
   -0.066309955   -0.06115321    -0.11171302   
   -0.027399214    0.0078615945  -0.50189281   
    0.059908065    0.0086182195  -0.029316889  
    0.025537398    0.05822732    -0.53085982   
   -0.048969128   -0.039387995   -0.37639191   
    0.0025882678   0.012775332    0.12688056   
    0.0045905374  -0.077776337    0.19731318   
    0.084022428    0.057447635   -0.38555518   
   -0.077026662    0.12176113     0.0040737847 
   -0.0566105     -0.014903271   -0.21987517   
    0.085925751   -0.0090415272  -0.11446445   
    0.03215828     0.050910513   -0.28658528   
   -0.021838219    0.041813822   -0.69129536   
   -0.047015147    0.058112664    0.017119007  
    0.021808897   -0.046986833   -0.79488065   
   -0.043530161    0.033002632   -0.29223065   
    0.075969506    0.034227351   -0.47602723   
    0.026573899    0.054293715   -0.38276577   
    0.13028362    -0.057268208    0.18646724   
   -0.052779591   -0.024155908   -0.32412734   
    0.030628007    0.00066437008 -0.3827624    
    0.019525964    0.072951715    0.066156573  
    0.08354192    -0.028778971   -0.40717886   
   -0.045875418   -0.028480109   -0.29452626   
   -0.1119891      0.036023577   -0.0087250969 
   -0.10320447    -0.0048322646  -0.509799     
   -0.035081062   -0.0034123867  -0.65265913   
    0.066892597    0.030190123   -0.070602859  
    0.07662539    -0.075969665    0.019611488  
   -0.12677717    -0.032978429   -0.31901074   
    0.09789879     0.027490461    0.049415438  
    0.036099306   -0.10174017    -0.1211887    
    0.048501361    0.0005586608   0.1454905    
   -0.053238498    0.053607099    0.052053304  
   -0.0047896816  -0.045677566    0.22597258   
    0.15015366     0.090364795    0.16375144   
    0.026274495    0.011550146   -0.1018831    
   -0.0636102     -0.083756438   -0.1415098    
   -0.13689378    -0.041887456   -0.50067383   
    0.11513985     0.1120256     -0.10498585   
   -0.05947213    -0.0053004619  -0.14726718   
   -0.048886045   -0.10922362    -0.047736601  
    0.092810475   -0.010522772    0.47198168   
    0.043941648    0.041451457   -0.34507198   
    0.047177489    0.061253937    0.13914238   
    0.0179722      0.0018943668  -0.33318305   
   -0.039734651   -0.046607561   -0.54169324   
    0.029598175   -0.058125637   -0.36313317   
   -0.051928228    0.013450704   -0.39924255   
   -0.022896459   -0.040959111   -0.21849174   
   -0.038940997   -0.078682454   -0.10329883   
   -0.044217692    0.047182494    0.1941378    
   -0.0054859573   0.012218602    0.21412881   
   -0.0025785166   0.021474504   -0.37006957   
    0.1705905      0.015601371    0.17909565   
    0.037324438    0.0052719624  -0.10976765   
    0.11488311     0.042735304   -0.016303823  
    0.18582846     0.10120478     0.16210192   
    0.036750661    0.019834434   -0.3963297    
    0.014469913    0.0019334277  -0.22780623   
    0.011079596    0.051576787    0.31804062   
    0.15168687     0.084833916    0.40149388   
   -0.027399522    0.014464436   -0.29928506   
   -0.013553958   -0.027381708    0.25984199   
    0.035155494   -0.0069141326  -0.1214303    
   -0.020839332   -0.023439088   -0.35203771   
   -0.0019992684  -0.063310151    0.14965863   
    0.10954276     0.015522812   -0.29141406   
   -0.0068200637  -0.068741967   -0.37135372   
    0.034581284   -0.060922992   -0.66626065   
   -0.014731412   -0.020232596   -0.26052229   
   -0.085136182   -0.034581029   -0.12290814   
    0.13796022     0.098469983    0.38784484   
    0.060030745    0.05351953     0.27313168   
   -0.047143338   -0.1306745     -0.27688656   
   -0.06148061    -0.14076028     0.09349057   
   -0.018498366    0.0073556298   0.011504686  
   -0.036846794   -0.057053602   -0.4361123    
   -0.14048928    -0.11515053    -0.27021274   
    0.055938376    0.051493315    0.31932754   
    0.0093610873  -0.054513312   -0.22488193   
    0.0081842675  -0.0282521     -0.20688601   
    0.048166937   -0.13571306     0.083647208  
    0.032856451   -0.075890187    0.23574301   
   -0.012204388   -0.018290487    0.11233307   
   -0.10180826    -0.019844895   -0.25036582   
   -0.17501595    -0.16272042    -0.28964157   
   -0.17421896    -0.16214445    -0.17920076   
   -0.12058388    -0.082062078   -0.087648808  
   -0.14908415    -0.11835277    -0.064818334  
   -0.21950884     0.059579213   -0.018964436  
   -0.076133476   -0.087133632   -0.12899687   
    0.012116871    0.042878136    0.62925818   
    0.045968327   -0.010023515    0.0052219093 
   -0.057315324    0.096220888    0.20993785   
   -0.27106645    -0.089231657   -0.61689113   
    0.059161456   -0.059234171    0.1238421    
   -0.10194761     0.0081784677  -0.22568213   
   -0.032271531   -0.062413323   -0.17240531   
    0.0078068944   0.0022389209  -0.19377617   
    0.095440721    0.051006662    0.29627651   
   -0.010546263   -0.02540811     0.12350348   
    0.053609304   -0.092929626   -0.23700234   
   -0.026605311   -0.04395007    -0.30420162   
   -0.061871286    0.067117613   -0.45288777   
    0.031146437   -0.017707586   -0.21148367   
    0.022261917    0.12783034    -0.074799559  
    0.035161095    0.12315107    -0.053089124  
   -0.10680965     0.089245855    0.032795369  
   -0.038141025   -0.046713298   -0.51105173   
    0.12732765     0.080147684   -0.015971567  
   -0.038417458    0.020354527   -0.50664628   
    0.026056315    0.042016553    0.034762815  
   -0.016111196    0.047460688    0.46611965   
    0.061489988   -0.038767603   -0.28586299   
    0.027341435    0.0065689762   0.22776684   
   -0.10091973    -0.045731037   -0.34896697   
   -0.0071262608  -0.083997601    0.08502795   
   -0.077351725   -0.061836704   -0.22445519   
    0.051180137    0.0041944523   0.46426475   
    0.037262894   -0.097267969   -0.025005696  
    0.014750751   -0.021527192    0.2263854    
   -0.028174384    0.0046444744  -0.058527484  
    0.019165322   -0.094433988   -0.29715705   
   -0.010399708    0.011363991    0.22510128   
    0.013825878   -0.040370109   -0.184632     
    0.0083653411  -0.048657661   -0.0056489532 
   -0.037677491   -0.038852037    0.44240831   
   -0.051167508    0.0099661721   0.24504488   
   -0.035538376    0.0080830765  -0.16001834   
    0.059361532   -0.14698938    -0.2115693    
    0.079523286   -0.017944993   -0.20102886   
   -0.03025319     0.025681103    0.16131145   
   -0.078324429    0.021815069   -0.40239232   
    0.032736697    0.047975582   -0.36209598   
   -0.0099182475  -0.0331193     -0.27840517   
    0.099547778    0.10243741     0.1834617    
    0.037268618    0.024963807   -0.70942352   
    0.00064961608  0.058334467    0.28114143   
   -0.057171748    0.047828697   -0.25252538   
   -0.095959222   -0.16340223    -0.19548324   
    0.014529064    0.073014971    0.43864628   
   -0.067441313   -0.022298595   -0.38442859   
    0.16298976     0.072058042   -0.2128731    
    0.057583782   -0.019102481   -0.27528597   
    0.18140377    -0.026257906   -0.28241212   
    0.023430036    0.061275022    0.046986297  
    0.039834458    0.051621439   -0.11334206   
    0.18090021     0.015990643    0.063841844  
    0.0088615778   0.006239205   -0.016859734  
    0.0073584397  -0.03238318    -0.19787701   
   -0.070930446   -0.02003952    -0.17589926   
    0.039073764    0.084293415    0.14003643   
    0.037349522    0.0010271531  -0.31309587   
   -0.030429416    0.014515891   -0.10277088   
   -0.13099581     0.0012597987  -0.38026557   
   -0.11968898    -0.11906979    -0.43908541   
   -0.056484029   -0.083517712   -0.081565852  
   -0.051117279   -0.092595706   -0.4001505    
   -0.018520271   -0.037926125   -0.77877008   
    0.021164992    0.0094428822   0.61552009   
   -0.059832771   -0.070014493   -0.01527995   
    0.032258712    0.061518701    0.047051422  
   -0.011876224    0.080199634   -0.10810635   
    0.08997863     0.040593015    0.3142397    
    0.11154859    -0.15337421    -0.070787049  
    0.0012481372   0.127756       0.39322242   
   -0.038145634    0.046763842    0.15292504   
    0.041645709   -0.15940929    -0.37279659   
   -0.03010328    -0.058484001    0.082639659  
   -0.10841138    -0.028930437   -0.2681775    
   -0.078734748   -0.063631421   -0.54097694   
   -0.034227225   -0.13704776    -0.10525474   
   -0.17158475    -0.13147303    -0.45208133   
   -0.074711682   -0.0069855852  -0.32405978   
   -0.15228981    -0.15455283    -0.714592     
   -0.071930732   -0.12294462    -0.64081869   
    0.045913766    0.040805176    0.19149632   
    0.018409435    0.081477221    0.31628316   
   -0.031952021   -0.082361258   -0.67027958   
    0.093661838    0.10505952    -0.10502106   
   -0.032384344   -0.04227334    -0.51461074   
    0.030641492    0.028851152    0.096202224  
   -0.030633079   -0.087367284   -0.38171578   
   -0.10290391     0.020014705   -0.35285274   
   -0.078655515    0.078449191   -0.15695169   
   -0.04200862    -0.067340987   -0.68814407   
   -0.07292669     0.044722981   -0.091405813  
   -0.083963836   -0.11209807    -0.73560772   
    0.013401892    0.036030759   -0.4086813    
   -0.0079703786   0.012117814    0.012953386  
    0.017261674   -0.044347958   -0.30381132   
    0.031939202    0.078328986    0.47295417   
   -0.081262485    0.12860802     0.042517019  
    0.10219603     0.12737059    -0.48872488   
   -0.030173761    0.0098286165   0.16841386   
    0.040572952   -0.017948746   -0.038096971  
   -0.04851487     0.08894801    -0.43207639   
    0.065285576    0.12903404    -0.20317476   
   -0.019701568    0.10054905    -0.059415828  
