     -32.571895     -32.571895      0.005374018  
                                            
     -1.9915287     -1.7910582      0.23050062   
      0.40696029     0.31822276     0.036104817  
      0.054710157   -0.0857978     -0.43746573   
      0.4223522      0.32046873    -0.41251627   
      0.7975011      0.64368219    -0.21077921   
      0.5010743      0.53041886    -0.41886092   
      0.14183775     0.02945848    -0.4041825    
     -0.30062233    -0.33875787    -0.61803255   
     -0.18543599    -0.26356577    -0.55175681   
     -0.31717308    -0.20597195    -0.13550742   
     -0.54935574    -0.34258254    -0.61725077   
     -0.38710123    -0.44158973    -0.17637798   
      0.021725579   -0.073589392   -0.13086401   
     -0.011009032   -0.055997074   -0.057774255  
      0.029528681   -0.1154765     -0.6741018    
     -0.11696835    -0.042160362   -0.65896054   
     -0.12332869    -0.16439492    -0.21278103   
     -0.20795293    -0.20698874    -0.61417572   
     -0.09117324     0.06868299    -0.006646885  
      0.029653111   -0.028207698   -0.21225234   
     -0.04022497    -0.092386954   -0.39554219   
     -0.1228984     -0.17537586    -0.27684661   
     -0.15122514     0.069638508   -0.031627628  
     -0.044118248   -0.13428119    -0.015505259  
     -0.11944272    -0.088084306   -0.52301972   
     -0.15484225     0.0040953328   0.032904628  
     -0.21135119    -0.15090068    -1.0321821    
     -0.024991659    0.0029519009  -0.44035297   
     -0.074844643   -0.023204638    0.050827728  
     -0.020538061    0.10954661    -0.099788273  
      0.016265489    0.09417903     0.088846659  
     -0.037389707   -0.041288311   -0.39832592   
     -0.012875278    0.11294517    -0.21153998   
     -0.060649105   -0.060394231    0.071278231  
     -0.062659307   -0.025122122   -0.53006766   
     -0.11798302    -0.065822607   -0.15891094   
     -0.014287337    0.016911744   -0.42681808   
      0.037356503    0.049708508   -0.097200499  
     -0.0095340169   0.03600822    -0.57887141   
     -0.12199913    -0.077168049   -0.65665547   
     -0.017158672   -0.15949726    -0.21435468   
     -0.026187315   -0.015278973   -0.10222757   
     -0.069221672   -0.031159376   -0.12191281   
     -0.199401      -0.13112707    -0.74247299   
     -0.079433631   -0.11925164    -0.34632177   
     -0.088345182   -0.049040673   -0.48273545   
      0.01749278    -0.027849647    0.19821169   
     -0.025328065   -0.12269597    -0.27289382   
     -0.051029816   -0.072761373    0.080161433  
      0.0049422932   0.023549522   -0.30299662   
     -0.050462885   -0.030986875   -0.52067553   
     -0.016697348    0.02251576    -0.10701004   
      0.028027514   -0.066767612   -0.50058329   
      0.10041115     0.0047125954  -0.069925479  
     -0.029357505   -0.11592023    -0.53278157   
      0.14733856    -0.0091754507  -0.17426811   
      0.016527219    0.010503737   -0.4227689    
     -0.072914374   -0.0067383386  -0.77497451   
     -0.075231936    0.059185407   -1.2457769    
     -0.11291928    -0.066002221   -0.77065103   
      0.018171125   -0.013280985   -0.34687242   
      0.019619409   -0.088793606   -0.32711407   
      0.07534125     0.035414813    0.15000949   
     -0.14063576    -0.16920604    -0.50965954   
     -0.09842507    -0.12952304    -0.48019037   
      0.05585104    -0.063174284    0.012559236  
     -0.03787012     0.14693056     0.47989811   
      0.050256002   -0.0098036168   0.11754195   
     -0.15178176    -0.021858763   -0.34447455   
      0.041655086   -0.070796031   -0.45518624   
     -0.00029214976 -0.1036381     -0.29981206   
      0.03660901    -0.039745737    0.048156235  
     -0.050144034    0.013173311    0.062591102  
     -0.033724954   -0.10981525    -0.44854901   
      0.069791714   -0.0087686065  -0.1198571    
     -0.099653576   -0.081333036   -0.12733049   
     -0.077312426   -0.039636662    0.001050105  
     -0.10810386    -0.020340531   -0.64151704   
     -0.10080213    -0.10391265    -0.21965144   
     -0.046027513   -0.072013278   -0.3536159    
      0.022069368   -0.045930575   -0.18947819   
      0.068333866   -0.014744378   -0.3958349    
     -0.11497349    -0.1291853     -0.7212156    
     -0.059557493   -0.025129354   -0.38246436   
     -0.0017160465  -0.035898468   -0.49392989   
      0.025874942    0.029446127   -0.70863339   
     -0.063795648   -0.054966417   -0.15781288   
      0.035811082   -0.085418681   -0.24688236   
      0.00078204741 -0.025036491    0.064932147  
     -0.060794631   -0.059306409   -0.67588643   
      0.033711628    0.016835118   -0.039634256  
      0.029194531    0.071624106   -0.089228139  
     -0.0068984535  -0.038648875   -0.48786441   
     -0.028447434    0.077556006   -0.590844     
     -0.17709072     0.020071938   -0.44784152   
     -0.087044384   -0.015709908   -0.19939603   
     -0.092547536   -0.10662139    -0.30619327   
      0.067666233    0.062295063   -0.23330058   
     -0.080217246   -0.11886817    -0.46144179   
     -0.072646948   -0.021541391   -0.14674608   
     -0.097481354    0.030763432   -0.075688496  
     -0.058203021   -0.10197304    -0.58039862   
     -0.014433454   -0.1162636     -0.14205422   
     -0.036562556    0.020368802   -0.30392558   
     -0.03953848    -0.045762766   -0.31700602   
     -0.11534673    -0.048164254   -0.39586819   
     -0.10307398    -0.052955901   -0.6490246    
     -0.016717413   -0.024884945   -0.38941456   
      0.0027125558  -0.13614249    -0.069595715  
     -0.079794976   -0.064508679   -0.42661185   
     -0.063675119   -0.012943927   -0.17845612   
     -0.084718239   -0.067614029   -0.37586547   
     -0.080232887   -0.039852194   -0.50773218   
     -0.025590057    0.0093223241  -0.37478691   
     -0.0058637729   0.024505886   -0.70941338   
     -0.0077527143   0.022816358   -0.33311591   
     -0.23958618    -0.19241837    -0.78473239   
     -0.0403058      0.066658959   -0.40277528   
     -0.013156842   -0.0064141253   0.094783665  
     -0.008082379   -0.082778189    0.011214885  
      0.0047712117   0.022286992   -0.61284779   
      0.091964619   -0.049393583   -0.65804586   
     -0.19934598    -0.2311362     -0.67715192   
     -0.065814333   -0.06445947    -0.51622037   
     -0.048213196   -0.073735966   -0.22902708   
     -0.04334654    -0.11763061    -0.16710596   
     -0.074811794    0.008821533   -0.011461922  
     -0.05143962     0.05292235    -0.41742094   
     -0.080636783    0.17081043    -0.54255914   
     -0.036575209   -0.070336939   -0.5070083    
      0.024898245   -0.099876483    0.21338389   
     -0.068732441    0.022604285   -0.76309692   
      0.11260135     0.033190199   -0.34141272   
     -0.082794902   -0.024760043   -0.3392183    
      0.011533715    0.058775424   -0.37629828   
     -0.054372713   -0.085934688   -0.30129229   
     -0.12859602    -0.097137262   -0.26352133   
     -0.01665612    -0.140682      -0.88904311   
      0.14837245     0.10561579    -0.32853781   
     -0.084901928   -0.12015725    -0.3631973    
      0.011886637    0.0056877288  -0.7872331    
     -0.004641931    0.027374292   -0.48768273   
     -0.066613974   -0.07611898    -0.21154576   
     -0.090124346   -0.024200163   -0.031602189  
     -0.15279012    -0.13952136    -0.35927618   
      0.0032538606  -0.059348134   -0.13820616   
     -0.14112464    -0.16859444    -0.55703905   
     -0.040028901    0.013103552    0.015340428  
     -0.064038905   -0.046662109   -0.14818982   
     -0.098790185   -0.003757733    0.29318247   
     -0.081759383   -0.02958393    -0.450307     
     -0.23258658    -0.052544864   -0.61375253   
     -0.16079355     0.15284267    -0.30015056   
     -0.061665684   -0.056620566   -0.1347423    
     -0.21463666    -0.025792133   -0.35091457   
     -0.020943815   -0.12161832    -0.33572513   
     -0.069265247    0.011653177   -0.19188806   
     -0.071947552   -0.062890387   -0.69140832   
     -0.092804474   -0.027951717    0.1295947    
     -0.10503353    -0.014828582   -0.34250527   
     -0.03606146    -0.16597087     0.43728612   
     -0.037652256   -0.040491811   -0.1432164    
     -0.031871303   -0.057048616   -0.14686547   
     -0.0058489235   0.033261558   -0.031859575  
     -0.018410731   -0.028397946   -0.25394899   
     -0.11614839    -0.049879897   -0.65654567   
     -0.11727602     0.017231587   -0.37846173   
      0.042740867   -0.13245105    -0.6572946    
     -0.092863149   -0.13141457    -0.66159733   
     -0.018142825   -0.062722078   -0.39105575   
     -0.027560998    0.045943424   -0.48289756   
     -0.049947124    0.038766266   -0.44515028   
     -0.032774832   -0.079945199   -0.14820922   
     -0.13297107    -0.12951002    -0.13494395   
      0.00092374183 -0.00060205765 -0.058424893  
     -0.0061580173  -0.053573921   -0.56164009   
     -0.02368302    -0.065857082   -0.2905132    
     -0.051351971    0.11579268     0.12159641   
     -0.10004359     0.048399073   -0.6593094    
     -0.03518592     0.018094462   -0.27596798   
     -0.085962887   -0.11247556    -0.62394416   
      0.014899741   -0.011509652   -0.25309014   
     -0.021909717   -0.024794986   -0.37291939   
     -0.14833171    -0.1386027     -0.76619637   
      0.077173426    0.099072572   -0.01046292   
      0.10170205     0.040316181    0.07411116   
     -0.074899803   -0.12343025    -0.70384961   
      0.043373717   -0.035672433    0.13271653   
     -0.10881604    -0.0048672122  -0.64998901   
     -0.12535753    -0.1122238      0.075120429  
      0.026975403    0.065864351   -0.16410789   
      0.057494473   -0.15354837    -0.47596541   
     -0.045955802    0.029934552   -0.36210517   
      0.062087618   -0.013350264   -0.31055097   
     -0.11723237     0.032810022   -0.44261951   
      0.037644215    0.0080796429   0.20764769   
      0.024146824    0.0036105679   0.38692069   
     -0.019998624   -0.15321652    -0.86628395   
      0.033896975    0.0040500051   0.13257194   
     -0.075344484   -0.11515734    -0.67745128   
      0.043529717   -0.059323386   -0.38171373   
      0.0066375143  -0.095684271   -0.29428563   
     -0.014729618   -0.038621814    0.08104912   
     -0.079643997   -0.13109208    -0.5233137    
     -0.077125559   -0.10337159    -0.45150821   
     -0.043677319   -0.010468371   -0.33873508   
     -0.15845995    -0.038762668   -0.1268088    
     -0.089731019   -0.11322774    -0.39617513   
     -0.045486806   -0.034098003   -0.39522703   
     -0.13009291    -0.059237171   -0.37038089   
      0.062756461   -0.037929242   -0.25779885   
     -0.09751149    -0.052767287    0.011984446  
     -0.18859311    -0.044777214   -0.27104642   
     -0.1105156      0.0087580138  -0.67685395   
     -0.15659521    -0.099247054   -0.37951755   
      0.077581061    0.090890239   -0.15705996   
     -0.035020543   -0.070235668   -0.13378394   
     -0.038514309   -0.065237916   -0.46926732   
     -0.16901607    -0.093576433   -0.32093279   
     -0.026575446   -0.07847791    -0.2678106    
      0.017609339    0.002804118   -0.1935329    
     -0.05883083    -0.16252669    -0.38471191   
     -0.030557312   -0.071571181   -0.50538935   
     -0.012017652   -0.08877633     0.24050807   
      0.16203345     0.018275607   -0.26079591   
      0.0099872062   0.078735305   -0.31699486   
     -0.10149939    -0.033096724   -0.072955862  
     -0.11746477    -0.04354551    -0.16380123   
      0.052043075    0.11922056     0.11620327   
      0.087133874   -0.032162195   -0.21531224   
      0.046196888    0.061068823   -0.20656444   
     -0.14253793    -0.015955786   -0.61738389   
     -0.10044569    -0.077218036   -0.11950753   
     -0.036695128    0.036722929   -0.086767681  
     -0.012743333    0.040024435   -0.14102051   
     -0.078220609    0.023502541   -0.11293296   
     -0.11121187     0.027056339   -0.105296     
     -0.022416454   -0.045503546   -0.048206961  
      0.047651518    0.12529887    -0.3391732    
     -0.17807004    -0.14517083    -0.22465098   
     -0.12390808    -0.10594673    -0.48160549   
     -0.12240483    -0.080186389   -0.5656864    
      0.037566438   -0.012851141   -0.15599204   
     -0.057166844   -0.038589667   -0.28417267   
     -0.20774877    -0.010016059   -0.45332122   
     -0.0079536118   0.081725062   -0.15817886   
     -0.13605667    -0.17840888    -0.70341224   
      0.11221714     0.0085038163  -0.32130049   
     -0.030027938   -0.039615594   -0.5205977    
     -0.043104167   -0.063038343   -1.0527817    
     -0.022899286   -0.12527551    -0.57586084   
      0.0083825299   0.077999587   -0.51461355   
      0.12871225     0.065807629   -0.20191122   
      0.034390263   -0.042101281   -0.31135435   
      0.081614698    0.055571297   -0.066126212  
      0.030191503    0.022380177   -0.49635402   
      0.032574547    0.13161105    -0.1257619    
      0.074871762    0.00016192314 -0.41925412   
     -0.10467879    -0.069378324   -0.7544792    
      0.062890551   -0.073423946   -0.23970587   
     -0.13724335    -0.073550662   -0.38232334   
     -0.11794745     0.051359425   -0.43500069   
     -0.16336073    -0.081055764   -0.75356715   
     -0.11753022     0.014272895   -0.022593312  
      0.013117306   -0.057919923   -0.46879844   
     -0.043314705   -0.01290594    -0.15543648   
     -0.025341445    0.029738072   -0.29284629   
     -0.063271267    0.052572499   -0.14220072   
     -0.090505828   -0.082330638   -0.28653563   
     -0.039326105   -0.085727975   -0.24112913   
     -0.12527969    -0.12329964    -0.29094424   
     -0.1049624     -0.10631274    -0.1849517    
     -0.091106599   -0.065563048   -0.71037395   
      0.031617603   -0.047778775   -0.23832597   
     -0.039004091    0.058054134   -0.62407894   
      0.0093802267  -0.090591338   -0.53504726   
     -0.079238946   -0.030799425   -0.05221194   
      0.058583518    0.011110251   -0.11932092   
     -0.051892136   -0.01120242    -0.72429546   
     -0.05571421    -0.094599128   -0.89763544   
     -0.067801841    0.045124961   -0.076901323  
     -0.03442084     0.017205976   -0.43326343   
     -0.04450934    -0.10711163    -0.48193864   
      0.0024631545   0.037684775   -0.25554      
     -0.046136924   -0.015521428   -0.36779667   
     -0.024734188   -0.022220727   -0.8744724    
      0.00012662631 -0.1042104     -0.30582844   
     -0.064262594   -0.018534225   -0.15277809   
     -0.03379515     0.13939852    -0.52950491   
      0.04713357     0.021658378   -0.47018733   
      0.062787046    0.040136698   -0.13219621   
      0.058636054   -0.035411244   -0.1125899    
      0.01439388     0.0056562721  -0.39453694   
     -0.055312593   -0.069256328   -0.10041358   
     -0.15834696    -0.085428868   -1.1348986    
      0.010589362   -0.0318782     -0.42657271   
      0.024587048    0.0092073653   0.19281146   
     -0.050632384   -0.09838225    -0.3670562    
     -0.12003109    -0.12914897    -0.56175619   
      0.030759856   -0.084934962   -0.41623156   
      0.03268307     0.027846839   -0.01580208   
     -0.06196538    -0.13050443    -0.053280841  
     -0.14496063    -0.066385539   -0.43263528   
     -0.053754806   -0.057093172   -0.29135138   
     -0.047643487    0.02869109    -0.23497952   
      0.032117197   -0.082082031   -0.47105723   
     -0.17890084    -0.10635732    -0.78553738   
     -0.03394482    -0.16293826    -0.57545361   
     -0.010344725   -0.047827981    0.15577324   
     -0.13946768    -0.044807444   -0.313733     
     -0.072589392   -0.012173516   -0.17459507   
     -0.078656624    0.0344373     -0.15471976   
     -0.066330346   -0.065907875   -0.2415029    
     -0.06701626    -0.028683869   -0.64225753   
     -0.057641863   -0.099380992   -0.28606669   
      0.044477817    0.031750206   -0.46521454   
      0.023679174    0.0052881026  -0.21636352   
     -0.090036543   -0.16154431    -0.64998602   
      0.00025554133 -0.080413947   -0.23665627   
     -0.066887807    0.067591129    0.1331145    
     -0.031979679   -0.035319946   -0.16369741   
     -0.060816473   -0.035770616   -0.32649977   
     -0.051492844    0.015135248    0.043804204  
     -0.070691637    0.089771255   -0.27093212   
     -0.068857061   -0.12150839    -0.36408491   
     -0.0094717003  -0.19905466    -0.52288937   
     -0.16420548    -0.15316772    -0.81235919   
     -0.11832466     0.085325603   -0.10661158   
     -0.095461959   -0.10317012    -0.41903076   
     -0.060989928    0.0096295842  -0.33949248   
     -0.062909187   -0.066409146   -0.041562544  
     -0.15696811     0.0014841739  -0.66809065   
      0.03465992    -0.073067884   -0.48174555   
     -0.0028030858   0.088506342   -0.43070241   
     -0.022287622   -0.15203619    -0.33429689   
     -0.00340378    -0.041803809   -0.22833325   
      0.035758931   -0.04559437     0.09549276   
     -0.022268431   -0.045970459   -0.37391231   
     -0.15319011     0.015178522    0.22991316   
     -0.12552393     0.075825314   -0.27975929   
     -0.12015481    -0.091079988   -0.62060248   
     -0.031470056   -0.079977871   -0.4080365    
     -0.068323198   -0.088917917   -0.46234735   
     -0.0098790156   0.026849952    0.096399395  
      0.029944214   -0.0058128254  -0.27683982   
      0.011813377    0.06993045    -0.29947845   
      0.052799438   -0.068859747    0.069011486  
      0.050799079    0.024098157   -0.16981091   
     -0.04867173     0.011687149   -0.24734563   
     -0.078139813   -0.06340426    -0.06352561   
     -0.13254401    -0.025367724    0.052519671  
      0.01537419    -0.066673922   -0.059495921  
      0.0074729854   0.0062313312  -0.61747663   
     -0.049244202   -0.02591047    -0.23942126   
      0.073381319   -0.016620707   -0.33322944   
     -0.061336292   -0.18034298    -0.041278145  
     -0.093545104    0.015474596   -0.52737324   
     -0.15228364    -0.10793823    -0.6145411    
     -0.07643589    -0.039526644    0.084876627  
     -0.080034398   -0.1884682     -0.57329294   
     -0.10542618    -0.06450375    -0.56003116   
      0.10139515    -0.0093788343  -0.19930379   
     -0.1503331     -0.12301212    -0.46753536   
      0.058170987    0.079606406   -0.074668587  
     -0.13535703     0.018250606   -0.36091418   
      0.035648962   -0.030974076   -0.50680778   
      0.080875381   -0.0099413948  -0.064771866  
      0.017257596    0.017011443   -0.20249636   
     -0.033819556    0.020304393   -0.78681843   
     -0.1098546     -0.12193951    -0.42885952   
      0.060563713   -0.031318666   -0.075700364  
      0.019529165   -0.047833621   -0.50544344   
     -0.025749615   -0.026875791   -0.15852005   
     -0.082219499   -0.00038838157 -0.11668378   
     -0.064891708   -0.024948979   -0.13376208   
      0.059278351    0.055885079    0.036041905  
     -0.01541077    -0.031012546   -0.1584037    
      0.0095570762  -0.093358275   -0.41766221   
     -0.13472234     0.056171355   -0.93989886   
      0.033746387   -0.05645556    -0.32387752   
     -0.10545529    -0.040718115   -0.70006926   
      0.0024102441  -0.11519179    -0.54120468   
     -0.068513861   -0.1853026     -0.48007394   
     -0.060136286   -0.0050939745  -0.076858832  
     -0.077066389   -0.030378983   -0.48894563   
     -0.023528463   -0.14307382    -0.23738646   
     -0.24181899    -0.23984095    -0.65633178   
     -0.091402846   -0.043742358    0.1431959    
      0.011007674    0.0045692063  -0.79009891   
      0.018424981   -0.016017284   -0.14963783   
     -0.062182503   -0.053092022   -0.1810164    
     -0.17254833    -0.018347442   -0.48620277   
     -0.085939856   -0.076326921   -0.27756305   
      0.075220205    0.063383982   -0.070225257  
      0.0073563301  -0.068324492   -0.56317623   
      0.0020342362   0.076576968   -0.48694077   
     -0.072076188    0.0068475547  -0.24046265   
      0.10713328     0.11670679     0.16900054   
     -0.084196692   -0.10818221    -0.63084455   
      0.01218997     0.012940694   -0.2805079    
     -0.12739917    -0.076402067   -0.65195521   
      0.017899767    0.012454415   -0.28238607   
     -0.072208382   -0.047920032   -0.042205382  
     -0.070661574   -0.044004841   -0.44486115   
     -0.10123166    -0.089027484   -0.42935747   
     -0.080090933   -0.068992596   -0.87679703   
     -0.088013689   -0.089610815   -0.3702677    
     -0.015754834    0.021885648   -0.33993458   
     -0.10711012     0.023289224   -0.12208491   
      0.0014128207  -0.039175232   -0.56104299   
     -0.053807272    0.11739553     0.12809019   
     -0.18404478    -0.08752163    -0.68829588   
     -0.12967374    -0.10326381    -0.69226695   
     -0.16398987    -0.051241892   -0.035183409  
     -0.11774966    -0.12639126    -0.57275132   
     -0.16391702    -0.041966518   -0.38092033   
     -0.11052874    -0.053962839   -1.0145588    
     -0.10959441    -0.096743904   -0.20278214   
     -0.054106944   -0.067114903   -0.51798481   
      0.005326636   -0.077126602   -0.39683132   
     -0.26208166    -0.061052907   -0.38780021   
     -0.17486889    -0.092074678   -0.50352595   
      0.10211159     0.050792985   -0.044905913  
     -0.07819601    -0.052784877   -0.41970336   
     -0.04834034    -0.072331898   -0.45603933   
     -0.031542536   -0.10057609    -0.41073706   
      0.018963187   -0.049850255   -0.23894414   
     -0.023824832    0.14335154    -0.44417254   
     -0.0021925969   0.052570122    0.058006621  
     -0.032004873    0.026014519    0.29305602   
     -0.035936237   -0.042533684   -0.54010643   
     -0.13045484    -0.026281032   -0.0050675742 
      0.011432379   -0.084727386   -0.21194429   
      0.016467295   -0.064304457   -0.10344675   
      0.033258898    0.014929746   -0.15278535   
     -0.050928631    0.089627735   -0.033927653  
      0.050820467   -0.05270747     0.16562756   
     -0.062512604   -0.071990279   -0.27862701   
      0.044223314   -0.16404939    -0.73021034   
     -0.076494433   -0.020599688   -0.47109233   
      0.011237699   -0.043528095   -0.3000978    
     -0.082745213   -0.04630544    -0.54984639   
     -0.0836815     -0.11064378    -1.013523     
     -0.1027363     -0.10531758    -0.12282007   
      0.011116698    0.00042822789 -0.48501901   
      0.035512053   -0.057051966   -0.22990785   
      0.030567705    0.036699162   -0.00090089829
      0.024927274   -0.03940536    -0.1987757    
     -0.11540915    -0.061277848   -0.62325582   
     -0.091615102   -0.058866641   -0.095180638  
     -0.036300538   -0.093045026   -0.52394537   
      0.066317614   -0.031120479   -0.45235173   
     -0.12870659    -0.12332165    -0.45044508   
     -0.10762942    -0.092146352   -0.30413538   
     -0.043840429   -0.10580227    -0.46281405   
     -0.11705152    -0.016947804   -0.20360885   
     -0.17095023     0.043156167   -0.64439999   
     -0.13594518    -0.078068041   -0.41214593   
     -0.03264058    -0.051424508   -0.46897604   
     -0.1297966     -0.11856674    -0.67583881   
     -0.021734727   -0.26303336    -0.64028028   
     -0.11473213    -0.083765409   -0.64624002   
      0.027097123   -0.067679761   -0.19715957   
     -0.13773837    -0.001074171    0.25459562   
     -0.035710769   -0.029017006   -0.29498415   
      0.017465094   -0.085947305   -0.46966207   
     -0.0018834641  -0.10427362    -0.19372839   
     -0.033569984    0.0045862358  -0.38551552   
     -0.013484834    0.096163833   -0.46974513   
     -0.0066029446   0.0011697698  -0.11400833   
      0.05336109     0.033208937   -0.30048313   
     -0.066675172   -0.071141524   -0.1684989    
     -0.066328671    0.086393056   -0.49846607   
     -0.027893805    0.035918561   -0.28096948   
     -0.0068475524  -0.0095435587   0.14454127   
     -0.12832553    -0.085314965   -0.2006294    
     -0.1040655      0.026550212   -0.39522034   
     -0.075550476   -0.087862583   -0.16442061   
     -0.023194261   -0.014434568   -0.45501348   
     -0.10730024    -0.06606681    -0.56459628   
     -0.12471336    -0.050750822   -1.0642809    
     -0.22273       -0.061711063   -0.61387712   
      0.0078770214  -0.010894047   -0.56492356   
     -0.14221762    -0.12354821    -0.57456307   
     -0.11437757    -0.0042334589  -0.51777793   
     -0.10095019    -0.0420977     -0.59041044   
     -0.010573932    0.0093660969  -0.33004415   
      0.042757504   -0.053234444   -0.46482129   
     -0.037466513   -0.07831197    -0.59948153   
      0.020408879   -0.10890799    -0.16653444   
      0.018463348   -0.048110895    0.1046031    
      0.031655058   -0.052715176   -0.55927584   
      0.095346791    0.1380712      0.060915726  
     -0.011996013    0.060562951   -0.23189133   
     -0.058794832   -0.033112081    0.29986472   
     -0.02077537     0.042706801   -0.047954439  
      0.0095028239  -0.033328497   -0.28102747   
     -0.026204013   -0.10599112    -0.054710549  
     -0.058267409    0.00063058089 -0.52536953   
     -0.12930875    -0.1527915     -0.61537553   
     -0.13382279    -0.038644053   -0.92941826   
     -0.14083925    -0.074605868   -0.61724824   
     -0.12355914    -0.0029488974  -0.37558309   
     -0.089983994    0.029044759   -0.19821827   
     -0.055231699   -0.12895037    -0.3573462    
      0.023352382   -0.037096252    0.36858188   
      0.015952686    0.062534112   -0.2016617    
     -0.037730741    0.0078288501  -0.064884974  
     -0.044118214    0.023397116   -0.28861867   
      0.082510142    0.015657066   -0.16230682   
     -0.11124411    -0.12715536    -0.80270925   
     -0.14621709    -0.095365786   -0.88078751   
     -0.071137997   -0.026968925   -0.35860307   
     -0.032109768   -0.11670349     0.017786891  
     -0.016505713   -0.1471892     -0.24813875   
     -0.10933743    -0.18399675    -1.0911418    
     -0.0072139409  -0.04770876    -0.14369017   
     -0.17975162    -0.043866646    0.05702697   
     -0.006901418   -0.038939336    0.087463506  
     -0.067754783   -0.014675581   -0.40226357   
     -0.052089251   -0.12157008    -0.26449874   
     -0.15056328    -0.039237089   -0.40953105   
     -0.026866463   -0.032397836   -0.2684971    
     -0.055549388   -0.10055907    -0.53702504   
     -0.012012074    0.059824453   -0.33157865   
     -0.11210999    -0.10577208    -0.92060006   
      0.1171174     -0.099213382   -0.33337795   
      0.022769801   -0.094410254    0.017015218  
     -0.03155367    -0.075657507   -0.25936617   
     -0.035481913   -0.0021185765   0.04646979   
     -0.10270679    -0.061156721   -0.63731759   
      0.0018863249  -0.058666538   -0.23764851   
      0.0030317626  -0.045092524   -0.60917303   
     -0.11227247    -0.07236764    -0.24028692   
     -0.071214464   -0.16312354    -0.19635974   
     -0.091116152   -0.11245988    -0.31701765   
     -0.078915132    0.016658986   -0.055187398  
     -0.019583255    0.029296256   -0.23581371   
     -0.047190195   -0.15491054    -0.19918632   
     -0.056112925   -0.067448989   -0.46104341   
     -0.10641696     0.053039486    0.025799485  
     -0.032837587   -0.12212195    -0.60318025   
     -0.023497971   -0.053421672   -0.26659884   
      1.3418509e-05 -0.04040258    -0.25975806   
     -0.048100828    0.024821603   -0.29500469   
     -0.13223642    -0.1228448     -0.31118735   
     -0.025771326   -0.1660406     -0.36214879   
     -0.012365282   -0.090341961   -0.62045007   
     -0.13570516     0.0348863     -0.59059468   
      0.025404532    0.01407312    -0.43512986   
     -0.094324374   -0.066273003   -0.45230826   
     -0.092541978    0.016636772   -0.31365575   
      0.049015655    0.0026550496  -0.2936489    
     -0.0091992725  -0.035253685    0.12768741   
     -1.0291198e-05  0.012594596   -0.61329024   
      0.029852739   -0.094237693    0.096399336  
     -0.066649415   -0.011089323    0.013320305  
     -0.12012914    -0.10685219     0.014356807  
      0.01145551     0.034505665   -0.090369126  
     -0.02670518    -0.083767445   -0.30464139   
     -0.093972156   -0.016810829   -0.72948275   
     -0.09739815    -0.2030628     -0.9130607    
     -0.080594271    0.039464271   -0.49773363   
     -0.1349936     -0.078851992   -0.43129166   
     -0.067867625   -0.072986059   -0.78187515   
     -0.1350263      0.026947289   -0.60153958   
     -0.065839511    0.06684104     0.2131525    
      0.031343654   -0.14670755    -0.88976634   
     -0.16062867    -0.12144153    -0.39468703   
     -0.18164026    -0.035018413   -0.29447192   
      0.016688446   -0.086310825    0.092103577  
      0.0035386952   0.01486202    -0.16565347   
      0.0054747098  -0.12586334    -0.19832374   
     -0.013548957   -0.011767936   -0.49936078   
     -0.053758269   -0.11546563    -0.4948573    
     -0.036036154   -0.077125801   -0.20001887   
     -0.055502188   -0.0024849187   0.066653931  
     -0.10511024    -0.087051282   -0.087368858  
      0.047944974   -0.076675769   -0.079099352  
      0.033903173    0.068050486   -0.098418958  
     -0.089125958   -0.1021271     -0.88378801   
     -0.0099770478  -0.029524281   -0.25923706   
     -0.049784232    0.068142225   -0.14347798   
      0.02705079    -0.010893474   -0.64757219   
     -0.07861279     0.019592612   -0.55815459   
     -0.052005002   -0.098987657    0.057726245  
     -0.045289513   -0.017396493   -0.81031029   
     -0.049719644   -0.0060359716  -0.30122937   
      0.082952039    0.057644657   -0.19603842   
      0.037829694   -0.046303622   -0.43871356   
     -0.061789874   -0.067492283   -0.38578156   
     -0.049876684   -0.03317594    -0.97746053   
     -0.015398809   -0.019691062   -0.39219798   
     -0.031990442   -0.082005623   -0.44474805   
     -0.0021243889  -0.073149149    0.0048060581 
     -0.040902419    0.0067054606  -0.48679664   
      0.066712769    0.026797229   -0.3601747    
     -0.026745081   -0.095426857   -0.40872967   
      0.040201565   -0.24657975    -0.57855897   
     -0.030691865   -0.0012125051  -0.40328826   
      0.034818368   -0.060964876   -0.17207354   
     -0.033935432    0.037254557   -0.18194694   
      0.015883254    0.0082819422  -0.63227073   
      0.003178162   -0.00042498773 -0.23960795   
     -0.024096421   -0.03594157     0.18381256   
     -0.10084139    -0.044375489   -0.23488966   
     -0.055864307    0.032462985   -0.020249859  
     -0.030044627   -0.13073937    -0.48251429   
     -0.090411075   -0.041580792   -0.58319456   
     -0.15491246    -0.052437834   -0.048162057  
     -0.018656432    0.031586091   -0.14551274   
     -0.068346065   -0.10043955    -0.35931542   
     -0.02543381     0.071782188    0.38782529   
     -0.11110645     0.0014517116  -0.24796831   
      0.022234531    0.090292623   -0.021054382  
      0.047747596    0.063959727   -0.229867     
      0.0048485892  -0.0080694908  -0.37973374   
     -0.074075267   -0.053875201   -0.35337811   
     -0.1678168      0.00014625242 -0.67732184   
      0.072650605    0.0045201228   0.004379563  
      0.029350368    0.13615181     0.161654     
     -0.13756572    -0.037665246   -0.35700333   
     -0.01022945    -0.030381552   -0.45938815   
      0.061090924   -0.00043544515 -0.72690742   
      0.033062323   -0.10882811    -0.54695589   
     -0.0273092      0.061188291    0.46288833   
     -0.073267219   -0.053336646   -0.47652618   
     -0.07575692    -0.009855816   -0.43264844   
     -0.09717947    -0.19775936    -0.64953704   
     -0.079312719   -0.13139445    -0.50860063   
      0.0081803431  -0.097241011   -0.19646627   
     -0.10097112    -0.13456773    -0.61788362   
     -0.074008211   -0.015717644   -1.1033759    
     -0.18295256    -0.1437555     -0.20095321   
      0.065577199   -0.076654579   -0.071066926  
     -0.089461239    0.07362088    -0.20771689   
     -0.11258053    -0.0015930171  -0.70878681   
     -0.032391616   -0.069726564    0.087817363  
     -0.055738067   -0.062412412   -0.1011582    
     -0.090461214   -0.083167097   -0.72081561   
      0.054945266    0.094593212    0.023112627  
      0.056423243   -0.10942523    -0.29061186   
      0.0037138991   0.00042830841 -0.10743862   
     -0.003571783    0.0033906303  -0.42527152   
     -0.14894735    -0.088793239   -0.21302456   
     -0.07616529    -0.077148763   -0.12791522   
     -0.15834557    -0.13320436    -0.49428283   
     -0.17898643    -0.048697667   -0.89141727   
     -0.086717061    0.018509389   -0.1739139    
      0.034294247   -0.079418219   -0.27503189   
     -0.010916384    0.0011739488  -0.038848427  
      0.099049959   -0.069598276   -0.18674466   
     -0.076921084   -0.051513646   -0.61635513   
     -0.011599777   -0.089841101   -0.19220838   
     -0.08088684    -0.15427966    -0.093549598  
     -0.070540713    0.018650961   -0.23068778   
     -0.079726995    0.062147279   -0.13200441   
      0.029744768   -0.04318315     0.26737767   
     -0.03555954    -0.030029929   -0.18607252   
     -0.12918638    -0.098419886   -0.5315674    
     -0.0058611789  -0.01368978    -0.27460919   
     -0.028913018    0.044827909   -0.052176327  
     -0.014002347   -0.1013781     -0.5985553    
     -0.01974473    -0.055550358   -0.33227115   
      0.016325064    0.012195076   -0.47855646   
     -0.070261026    0.08178353    -0.28123482   
     -0.10445651    -0.085146105   -0.82424607   
      0.056439246   -0.016724556   -0.17652818   
     -0.061358666   -0.11535696    -0.3072572    
      0.016378701   -0.14838213    -0.61481961   
      0.022597722    0.043558751   -0.32125694   
     -0.073565276   -0.03780521    -0.41827653   
     -0.020299622   -0.11604238    -0.24117362   
      0.025445426   -0.059042017   -0.21199599   
     -0.10316193     0.06696875    -0.21317956   
     -0.051612557   -0.19179014    -0.54982618   
     -0.0062755352  -0.088581128    0.017357511  
     -0.16640425    -0.11328182    -0.15131281   
     -0.14605006    -0.087718105   -0.5418899    
     -0.036618766   -0.02593766    -0.19820227   
      0.043151377   -0.13674326    -0.090213764  
      0.038216248   -0.030548029    0.16720395   
     -0.10631336     0.028845788   -0.16108534   
     -0.070905927   -0.020079871   -0.69406655   
      0.012890066    0.022236348    0.31012635   
     -0.0073419339  -0.026292689   -0.35420646   
      0.023567665    0.044073774   -0.55257393   
     -0.11034551    -0.10016449     0.27879667   
      0.0086293061  -0.03729797    -0.16602216   
      0.05173445    -0.054596323   -0.26191916   
     -0.086499043   -0.1335237     -0.24665715   
     -0.010909238    0.05749044     0.34063893   
     -0.060491008   -0.048389042   -0.23248386   
      0.053021524   -0.012836848   -0.12009072   
      0.038782867    0.19337361    -0.11742247   
     -0.034244723   -0.075267975   -0.075415998  
     -0.071981745   -0.030384986   -0.041366323  
     -0.015654258   -0.052745911   -0.0065133681 
     -0.1183997     -0.079664573   -0.51633858   
     -0.063009604    0.063207733    0.24586516   
     -0.099152793   -0.01993377    -0.30826961   
     -0.037214153   -0.0067021805  -0.54525075   
      0.05516321     0.013653317   -0.1528547    
     -0.19112025    -0.16719792    -0.66620118   
     -0.084951393   -0.12579945    -0.70501362   
     -0.10901518    -0.069339623   -0.66407431   
     -0.073820482   -0.079244527   -0.9879238    
     -0.077076698   -0.11940099    -0.52569322   
      0.013682484   -0.011644601   -0.3677197    
     -0.026094541   -0.096770269   -0.097557491  
     -0.061965903   -0.070237217   -0.43680554   
     -0.039449836   -0.0010468797   0.02520828   
     -0.01651198     0.019105269   -0.39313294   
     -0.026465518    0.015574654    0.26795933   
     -0.13834071    -0.16132266    -0.51589352   
     -0.035589962    0.059838932   -0.0040580064 
     -0.035718962   -0.0012700846  -0.395868     
     -0.076731034   -0.048658372   -0.67911575   
     -0.15950837     0.037486237   -0.41833952   
     -0.16407959    -0.0085996964  -0.72811575   
     -0.10140394     0.043497598   -0.26512629   
     -0.032282927   -0.054632969    0.046190119  
     -0.032740311    0.032169832   -0.34820226   
     -0.039111395   -0.038172889   -0.34442823   
     -0.15367065    -0.022419164   -0.35333571   
     -0.045814488   -0.11280251    -0.24608388   
     -0.011908167    0.0075262008  -0.42055331   
     -0.037638088   -0.015375148   -0.18382645   
      0.020294808    0.037218896   -0.61472643   
     -0.080103086   -0.043836125   -0.27024387   
     -0.00233447     0.10143934    -0.15533304   
     -0.020958835    0.06297625    -0.53389607   
      0.060076157   -0.038688043   -0.18375585   
      0.0082320528  -0.057226959   -0.59623468   
      0.067480085   -0.099821496   -0.32012859   
     -0.074277327    0.023282109   -0.42317726   
     -0.10031138    -0.084735355   -0.59128896   
     -0.00045054571 -0.071879082   -0.46799838   
     -0.068404049   -0.14912708    -0.47406374   
     -0.17335635    -0.032220936   -0.72374906   
     -0.085295053   -0.087068782   -0.67096056   
     -0.12155264    -0.1211863     -0.14406045   
     -0.092412158   -0.039699474   -0.38294364   
     -0.1782923      0.01531059    -0.47591248   
      0.12582691     0.038189639   -0.11540465   
      0.10522031    -0.1161005     -0.52018977   
     -0.091009117   -0.0084132965  -0.06538692   
     -0.06258215     0.070469318   -0.48310817   
     -0.18859314    -0.082373233   -0.47637796   
     -0.21001372    -0.25718268    -0.86190023   
      0.00065775777 -0.085062175   -0.19521092   
     -0.051480314    0.037130807   -0.55967826   
      0.064238013   -0.070768977   -0.070494081  
     -0.047809344   -0.088019541   -0.49004431   
      0.0079148004   0.078715532   -0.040765415  
      0.062684462   -0.07697787    -0.28691688   
     -0.092318958   -0.029398186   -0.53439293   
     -0.096395168   -0.013120192   -1.0114744    
     -0.052443274   -0.043805517    0.051707894  
     -0.0057740566   0.024140833   -0.10779684   
     -0.071584782   -0.099212973   -0.56062543   
     -0.048882718   -0.11272005    -0.19528522   
     -0.053864862    0.040238979   -0.42358367   
      0.095013198   -0.117621      -0.14655587   
      0.05973116     0.065916709    0.39339952   
      0.015154081   -0.20960786    -0.47059515   
     -0.079985023   -0.091036835   -0.362968     
     -0.064851418    4.0932737e-05 -0.64607069   
     -0.019132958   -0.021745521   -0.15766374   
     -0.13950947    -0.048159304   -0.5214783    
     -0.028537078    0.030595427   -0.26260728   
     -0.14256644    -0.081317304   -0.41861088   
      0.0317781     -0.13738484    -0.44989747   
     -0.084809022   -0.12667802    -0.15834627   
     -0.058045512    0.042588115   -0.31993426   
     -0.085135345   -0.0021135491  -0.14537336   
     -0.047636456   -0.06915636    -0.24709437   
      0.0063414808  -0.11664387    -0.34273593   
     -0.15459479     0.0086279693  -0.62618241   
     -0.0086862282   0.0022035614  -0.50998609   
     -0.1228579      0.0044166049  -0.40345896   
      0.0064076463  -0.030323143   -0.4886637    
     -0.021801256   -0.18155649    -0.48097821   
     -0.089852059   -0.1734468     -0.52453929   
      0.015089014    0.07904296     0.2219723    
     -0.14248781    -0.11959518    -0.80414638   
     -0.01369672     0.083995222    0.04197443   
      0.030945972    0.073951564   -0.63735185   
     -0.10526147    -0.090084467   -0.77203499   
      0.0066977955  -0.081761318   -0.049204006  
     -0.033000151   -0.054038931   -0.65815702   
     -0.092270414   -0.10838001    -0.10478115   
     -0.016102312   -0.035643774   -0.50761347   
     -0.0059672035  -0.019512603   -0.29748743   
     -0.027152163   -0.082535602   -0.20151898   
     -0.022768041    0.019379991   -0.31017164   
     -0.028549148    0.081727556    0.31838036   
     -0.017895191   -0.19136405    -0.065620644  
     -0.094482866    0.0088190786   0.25821446   
     -0.11042419    -0.15038601    -0.44589061   
     -0.056614221   -0.15882133    -0.67496326   
      0.058401606    0.027742233    0.023968117  
      0.058093776    0.11942157     0.067598564  
      0.00088437368  0.0048128617  -0.23714716   
     -0.040123745   -0.077154732   -0.58431401   
      0.15190017     0.06012202    -0.26835988   
     -0.11559623     0.13307622    -0.35006868   
      0.010458084    0.069346205   -0.14755727   
     -0.089565906   -0.036590504   -0.12624632   
     -0.18524964    -0.11114499    -0.70978344   
     -0.13185889    -0.16694927    -0.36229551   
      0.11373161     0.17155859    -0.059975277  
      0.089824138    0.038736857   -0.32683138   
     -0.05928169    -0.043990028   -0.70883164   
      0.0079196457   0.052351245   -0.58512349   
      0.066759167    0.025524125   -0.54926989   
     -0.06621293     0.0023398888  -0.52699582   
      0.0238124     -0.16004454    -0.76479227   
     -0.11030656    -0.030093308   -0.25474732   
      0.064393929    0.0063044724  -0.030919931  
     -0.063360206   -0.081445761   -0.46212947   
     -0.043349704   -0.097783625   -0.34445814   
     -0.071792876    0.034787729   -0.16698358   
     -0.063526075   -0.13594758    -0.31534227   
     -0.03656112    -0.053242719   -0.3913399    
     -0.20884278    -0.17680569    -0.91146865   
      0.0037321034   0.063578108    0.01766544   
     -0.064168542   -0.080827077   -0.30394736   
      0.035903411    0.0042939057  -0.28745046   
     -0.012327067    0.04227034     0.085945082  
     -0.032195835    0.020307051   -0.003917814  
     -0.021512109    0.036968021   -0.076981527  
      0.0012191901  -0.12033314    -0.52733274   
      0.06231782    -0.079079266   -0.21253499   
     -0.028280002    0.015226032   -0.086543205  
     -0.026894984   -0.0028685492  -0.14786126   
     -0.036379387   -0.0361076     -0.63648344   
      0.0017178586  -0.13844047    -0.35338227   
     -0.054339981   -0.028435491   -0.3337093    
     -0.082379786   -0.1086837     -0.55635493   
     -0.049474243   -0.085126574   -0.21526376   
     -0.025230862   -0.015617314   -0.15850203   
      0.0046320285  -0.12734457    -0.5759717    
     -0.018541392   -0.020620099   -0.7014355    
     -0.09158223     0.020727237   -0.29072755   
     -0.034910598   -0.074714442   -0.27719368   
      0.020664041   -0.0020877643  -0.56382365   
     -0.10614484    -0.022781724   -0.32639103   
     -0.072879682    0.094227463   -0.58508684   
     -0.018595013    0.14221262    -0.61420216   
     -0.013938719    0.092678172   -0.0709817    
      0.084211354   -0.042997353   -0.029611149  
     -0.025066152    0.11594261    -0.40893278   
     -0.060181057   -0.12413286    -0.44495788   
     -0.022678069    0.026392624   -0.091717712  
     -0.11589109    -0.19682622    -0.71847537   
     -0.065559116   -0.019952876   -0.10349845   
     -0.11715848    -0.13851179    -0.18891986   
     -0.079611297    0.0047708567  -0.02261788   
     -0.043511999   -0.11436534    -0.52754042   
     -0.20445921    -0.14366097    -0.65174966   
     -0.01640566    -0.00765033    -0.32214155   
     -0.10257275    -0.066983015   -0.49982116   
      0.017793641   -0.11098951    -0.37962564   
     -0.072934835    0.038658018   -0.30949726   
     -0.17279426    -0.09197086    -0.44504      
     -0.091928733   -0.12641312    -0.21449234   
      0.0089707595  -0.041432302   -0.21806333   
     -0.075621945   -0.14822882    -0.28285531   
     -0.023733212   -0.0032357891   0.016838617  
     -0.034261309   -0.059803083    0.1301922    
      0.087441389   -0.14703329    -0.11604579   
     -0.10119846    -0.12140525    -0.1140875    
     -0.15563931    -0.11384003    -0.37573995   
     -0.040541079   -0.10991403    -0.40422844   
     -0.094030503   -0.11868432    -0.95698755   
     -0.17246859     0.00374652    -0.083329565  
     -0.00024831901 -0.059224249   -0.50478343   
      0.052856952   -0.1415982     -0.63944788   
     -0.034935838   -0.10166373    -0.5751252    
     -0.038961364    0.077153841   -0.64479759   
      0.030260125   -0.024882197   -0.11269831   
     -0.14517448    -0.089262254   -0.28130417   
      0.023303301   -0.00030700804 -0.17247123   
     -0.1330734     -0.048589967   -0.093135184  
     -0.029888005   -0.066318746   -0.68803738   
     -0.013252949    0.028262814   -0.40421257   
     -0.029220538   -0.0089970836   0.1218877    
      0.017662673   -0.076101055    0.10575712   
      0.0080249111  -0.025978377   -0.54887494   
     -0.083330599   -0.052261742   -0.45941056   
     -0.18642053    -0.11707498    -0.51602939   
     -0.074913052    0.042143596    0.19826536   
     -0.01491868    -0.13961471    -0.63215462   
     -0.030645409   -0.051947852   -0.53294753   
     -0.038285989   -0.024415845   -0.59194208   
     -0.12243403    -0.11361366    -0.52976027   
      0.0096364021   0.0045714944   0.089808998  
     -0.10426412    -0.041975909   -0.34797552   
     -0.039903616   -0.049670447   -0.3833483    
     -0.10224717    -0.10895489    -0.48973568   
     -0.1578884     -0.1754983     -0.59701186   
      0.0071783351   0.04738549    -0.069435304  
      0.013958414   -0.074798      -0.70842543   
     -0.16547935     0.030148668   -0.64680071   
     -0.076585332   -0.11411983    -0.2624862    
     -0.0026509612  -0.13054954    -0.16834104   
     -0.058320031   -0.021232312   -0.2650538    
     -0.090414936   -0.050626194   -0.2027393    
     -0.028827612   -0.059685051   -0.23919127   
     -0.042348045   -0.080803893   -0.41484605   
     -0.0015436932   0.034191983   -0.43732576   
     -0.050856877    0.02323462     0.016670995  
     -0.091933963   -0.061288199   -0.31697137   
     -0.045863728    0.05330356    -0.44540239   
     -0.10645998    -0.0085717423  -0.3974887    
      0.003823477    0.021609825   -0.054926338  
      0.095331964   -0.0014514495  -0.11358678   
      0.033648316   -0.0013292923  -0.79744378   
     -0.192581      -0.10394211    -0.21453484   
     -0.04603846    -0.067605801   -0.077195147  
     -0.0023218692   0.12264124    -0.52415254   
     -0.077296725   -0.012707406   -0.65724232   
     -0.0068709957  -0.067187022   -0.19753232   
      0.012209231   -0.12098013    -0.32256694   
     -0.10050122     0.0012321884  -0.37087561   
     -0.045747238    0.083935675    0.19000088   
     -0.045597      -0.11493029    -0.74540671   
     -0.025080767   -0.0038748651  -0.46608905   
      0.022208909   -0.04153429    -0.25657734   
      0.060516121    0.068131904   -0.51920522   
     -0.22520669    -0.12593464    -0.72976043   
      0.013408088   -0.034906135   -0.66962139   
      0.068875125   -0.027476991    0.39255097   
     -0.0098701516  -0.056930059   -0.37634878   
     -0.15725134    -0.096515984   -0.862325     
      0.032671343   -0.15279574    -0.8218826    
     -0.12696373    -0.13798257    -0.43254961   
     -0.080180784   -0.0026932925  -0.50412614   
      0.081463693    0.087901039   -0.47018057   
     -0.27275407    -0.1055895     -0.95615812   
     -0.083850347   -0.013129265   -0.082652086  
      0.18946652     0.077985653   -0.23196137   
     -0.14863533    -0.14700694    -0.31612133   
      0.034437916   -0.10027847    -0.56220015   
      0.065670383   -0.10390535     0.11794577   
     -0.10934405    -0.098315768   -0.61565757   
     -0.094622366   -0.016517673    9.0610298e-05
     -0.11998171     0.0011204208  -0.34765276   
     -0.099685956    0.015709079   -0.4248317    
      0.015053136   -0.034625121   -0.26905665   
      0.0051304901  -0.017830413   -0.12105814   
     -0.026728579   -0.028840614   -0.14665582   
     -0.035871792    0.00067264034 -0.28803903   
      0.022755711   -0.029489914    0.013080345  
      0.072526573    0.065791096   -0.26888668   
     -0.094026745   -0.050977578   -0.63471362   
      0.1226583      0.035131093   -0.11649979   
      0.01492743    -0.081301284   -0.0063958005 
      0.048191794   -0.065301182   -0.44696928   
     -0.010047194   -0.018648102   -0.23119657   
     -0.13822222    -0.026799349   -0.4805113    
     -0.034083083    0.010262702   -0.015474114  
     -0.042199081   -0.064283283   -0.46029465   
      0.010537742    0.071638208    0.1096419    
     -0.055679402   -0.14720951    -0.27477154   
     -0.08947292    -0.10941971    -0.39740225   
      0.067846393    0.015535807    0.15756384   
     -0.022460816   -0.099274533   -0.73167328   
     -0.016841057   -0.19903416    -0.52694724   
      0.073874303   -0.098581127   -0.22922646   
     -0.066354889   -0.090268398   -0.47121162   
     -0.12457977    -0.049508164   -0.71504565   
      0.053581806   -0.074278206   -0.31618896   
      0.042291323   -0.094858577   -0.018050664  
     -0.028847431   -0.10842553    -0.49987143   
     -0.013343875   -0.049904569   -0.075958822  
     -0.0009752898   0.013666273   -0.64113209   
      0.059163699    0.026066477    0.26065583   
     -0.18261398    -0.12434874    -0.31076896   
     -0.049188867   -0.056334099   -0.1737499    
     -0.016270875   -0.015419911   -0.28940545   
      0.0288071      0.030992899    0.090493948  
     -0.15135038    -0.11452872    -0.61462515   
     -0.02607709    -0.022455607   -0.054515093  
     -0.025013382    0.12430279     0.51109975   
     -0.070098105   -0.0652399     -0.59443604   
     -0.076976644    0.0041588619  -0.12252986   
     -0.0877447     -0.0050266425  -0.2391693    
     -0.073865769   -0.13288955    -0.80640278   
     -0.070725922   -0.034580276   -0.39137655   
     -0.21516605    -0.022564005   -0.63164725   
     -0.16467894    -0.11929948    -0.45022152   
     -0.19904352     0.028254372   -0.14707673   
      0.017122253    0.049135993   -0.77018231   
     -0.073899157   -0.0035420812  -0.79512618   
      0.0087844828   0.012986333   -0.30609038   
     -0.093937434   -0.10023424    -0.15010914   
     -0.11551112    -0.088630874   -0.4686907    
     -0.13980301    -0.09106341    -0.20276424   
     -0.19760821    -0.14020141    -0.54216611   
     -0.098282797   -0.027747719   -0.32693856   
     -0.054807279   -0.10286884    -0.86601752   
     -0.091055219   -0.11995431    -0.63344994   
     -0.12646676    -0.11515608    -0.38185498   
      0.023681306    0.0010545766  -0.092452252  
     -0.22264191    -0.21564365    -0.55491106   
      0.011393918    0.06025818    -0.65841632   
     -0.047912764   -0.11711874    -0.45912572   
     -0.016960897    0.13153977     0.22550445   
      0.0093703983   0.048606369   -0.33669077   
     -0.044595926    0.046948853    0.096057342  
      0.021210781   -0.05955465    -0.47714272   
     -0.040739635   -0.0078006921  -0.56875998   
     -0.067803921   -0.059822236   -0.58817355   
      0.0036114357  -0.20582166     0.021218459  
     -0.062006352    0.00043991628 -0.60062052   
      0.24419099     0.13944201    -0.09606715   
      0.01271475     0.033978884   -0.015094114  
      0.022671886    0.027279034    0.3718084    
      0.026470471   -0.059985673   -0.48693731   
     -0.12192708    -0.096468339   -0.91253446   
      0.079338151    0.01068416    -0.52908385   
     -0.001128037   -0.15597816    -0.56419263   
     -0.16258002     0.04085266    -0.7586856    
      0.098445583    0.11062669    -0.0010368337 
     -0.00582579    -0.032201933   -0.26597767   
     -0.16752249    -0.13771384    -0.61386522   
     -0.012907397   -0.051066227   -0.78155365   
     -0.16335544    -0.18237334    -0.77664948   
      0.058444947    0.016542485    0.14509263   
     -0.084028998   -0.025647713   -0.35277795   
     -0.024295753    0.001032511   -0.1265922    
     -0.092488042    0.067878635   -0.28257004   
     -0.06097092    -0.22282714    -0.061876103  
     -0.13943299    -0.10530119    -0.53458163   
     -0.17064622    -0.027609275   -0.74404174   
     -0.079195897   -0.10599444    -0.61326073   
     -0.0194932     -0.089456302   -0.045916897  
     -0.054398809   -0.0015469938  -0.028228168  
     -0.0069308275  -0.16384087    -0.06506363   
      0.091468015   -0.011929875    0.15155287   
     -0.091490474   -0.011308374   -0.046733888  
      0.041498036   -0.099798109   -0.14475609   
     -0.076764766   -0.11968608    -0.22461432   
      0.025529192   -0.20100676    -0.646793     
      0.084484453    0.040371334   -0.10095916   
      0.066480479   -0.031548202   -0.46542866   
      0.11377066    -0.03350438    -0.70817009   
      0.089789077    0.044718964   -0.17493236   
     -0.15238419    -0.057399357   -0.6607408    
     -0.05152413    -0.092203945   -0.44993969   
      0.067311796    0.055407717   -0.097211602  
      0.015900023   -0.16217405    -0.66891638   
     -0.042623029    0.036290556   -0.51693056   
      0.11374676    -0.020770988   -0.49961104   
     -0.13596976    -0.020630593   -0.18978766   
     -0.06914852    -0.10302768    -0.15647726   
      0.10824231     0.010040611   -0.28034318   
     -0.068978457   -0.22811481    -0.23471377   
     -0.037512811   -0.08712022    -0.25510511   
     -0.13273177    -0.21215031    -0.51366873   
     -0.0090716368  -0.090491095    0.18908395   
     -0.084732644   -0.11054862    -1.0310134    
     -0.016568508   -0.052309985   -0.37290069   
     -0.15179819     0.0024870059  -0.37308903   
     -0.084602063   -0.1874071     -0.96969572   
     -0.026626466   -0.088262575   -0.074375779  
     -0.10244363     0.044843855   -0.44450383   
      0.11125439     0.076047362    0.0089955363 
     -0.086979445   -0.038577908   -0.72723831   
     -0.053718749   -0.0039950808  -0.83630157   
     -0.017734814   -0.19291534    -0.28373235   
     -0.10600366    -0.077289739   -0.84006313   
      0.10494592    -0.038424595   -0.013321889  
      0.044795409   -0.063254018   -0.44365748   
     -0.10092869     0.10415369    -0.049783196  
      0.19195751    -0.0049553834  -0.59617539   
      0.03616145     0.034522806   -0.27791818   
     -0.15923357    -0.058475218   -0.82634344   
     -0.15009435     0.0042428906  -0.98722178   
     -0.080111886    0.015522374   -0.40116674   
     -0.048225953    0.10867814     0.10670667   
     -0.2980214     -0.12492456    -0.14253733   
     -0.08719938    -0.11236928    -0.5480293    
     -0.16137356    -0.070246389   -0.7037555    
     -0.098651357   -0.14440848    -0.77996231   
     -0.038645326   -0.070610484   -0.38734746   
     -0.069834562   -0.11224957     0.11541445   
     -0.12941665    -0.050896657   -0.50428245   
     -0.019239771    0.026369187   -0.08243252   
     -0.12300781     0.12209446    -0.45614614   
      0.10778977     0.021343679   -0.2822364    
     -0.045746964    0.019413561   -0.6260259    
      0.036144929    0.025080619   -0.1090552    
     -0.011426964   -0.018424338   -0.39364864   
     -0.0095197076   0.068274133    0.25632617   
     -0.095084389   -0.073875302   -0.45878064   
      0.00046173237 -0.036050979    0.027437263  
     -0.077787684   -0.15445368    -0.37680623   
     -0.081303666   -0.054956204   -0.69440389   
     -0.016751495   -0.14538702    -0.42875429   
     -0.023262949    0.066202179   -0.25130772   
     -0.017431872   -0.022225458    0.1245374    
     -0.013605189    0.020348887   -0.53838147   
     -0.097099246    0.047575749   -0.25960199   
     -0.033871815    0.016319099   -0.50617011   
     -0.059317902   -0.12223384    -0.10901156   
     -0.055761804   -0.074997982   -0.28413588   
      0.039844791   -0.10915686     0.20371952   
     -0.02675993    -0.058157683   -0.40017776   
     -0.19862484    -0.034660959   -0.11468494   
     -0.031751246   -0.16457208    -0.30292488   
      0.022121906   -0.039359326   -0.28803185   
     -0.051970435    0.14507762     0.12812677   
     -0.050298027   -0.11670081    -0.58544118   
     -0.0088628858  -0.02152448    -0.31541069   
     -0.086066437   -0.042430268   -0.51686755   
     -0.18226905     0.12044485     0.00055951451
      0.17375022     0.059739105   -0.152095     
     -0.11590425    -0.031283049    0.15952579   
     -0.10657704    -0.10512421    -0.49151311   
     -0.13287296     0.0066269945  -0.72970756   
     -0.13704954    -0.19028265    -0.8267605    
      0.026116999   -0.052530251   -0.21191684   
     -0.21029409    -0.16056198    -0.12859297   
     -0.15232863    -0.10686975    -0.53576453   
      0.030268992    0.073937662   -0.37745547   
     -0.0069736614   0.038086914    0.011448047  
      0.07138885     0.073134736   -0.66748045   
     -0.11174258     0.016645904   -0.74217278   
     -0.019042614    0.0094289357  -0.60474911   
     -0.062799887   -0.057730467   -0.40869632   
     -0.01104499    -0.037572326   -0.22524965   
     -0.12677421    -0.068937895   -0.54913799   
     -0.069341915   -0.08892009    -0.30213168   
     -0.12433619    -0.056470833   -0.021106726  
     -0.20884468    -0.092729991   -0.83483551   
     -0.12581231    -0.11376015    -0.25555682   
     -0.08612564    -0.10673837    -0.47594546   
     -0.048164181   -0.0015149985  -0.10019886   
     -0.050335627    0.061493999    0.022833142  
      0.010904769    0.15841411    -0.47414486   
      0.029674363   -0.027117452   -0.46230463   
      0.17035001     0.055308748   -0.09672227   
     -0.15270133    -0.061094873   -0.43590696   
     -0.053121861    0.011672042    0.10389108   
     -0.014738087   -0.043622039   -0.016500046  
     -0.044424592   -0.052046256   -0.97568182   
     -0.074239892    0.034147062   -0.55074541   
      0.029777303   -0.010693033   -0.35863771   
      0.031965398   -0.010064477   -0.10822337   
      0.046339445    0.0039154028  -0.25796116   
     -0.020224579   -0.073504544    0.26213649   
     -0.062801164   -0.11516818    -0.64146708   
      0.024100657   -0.010821074    0.17237049   
     -0.022419433   -0.052068295   -0.42827687   
     -0.021428983   -0.005520574   -0.4925401    
     -0.051485112   -0.023366726   -0.27040013   
     -0.12798515    -0.079002329   -0.67608005   
     -0.041646276    0.0021444912  -0.64564914   
     -0.050918893   -0.0069244712  -0.45928256   
      0.085101713   -0.071267393   -0.19570641   
      0.015798872    0.023322922   -0.10890322   
      0.015527384    0.0084091702   0.13246251   
     -0.059722045    0.020179281   -0.14755685   
     -0.074248319    0.065945607   -0.29803904   
     -0.035064968   -0.0050455911  -0.082392918  
     -0.14729821    -0.1057999     -0.90740841   
     -0.096187299   -0.037786332   -0.52688183   
      0.052570415    0.039483803   -0.15961323   
     -0.022699558   -0.061812221   -0.15891649   
     -0.0053775125  -0.0074176409  -0.33965319   
     -0.14292216    -0.077975139   -0.89729425   
     -0.066650723   -0.073874261   -0.4010557    
     -0.10536215    -0.062880005   -0.6294663    
     -0.081572317   -0.012147073   -0.17559142   
     -0.054890991    0.11678276    -0.2264473    
     -0.068955735   -0.18628349    -0.42512317   
     -0.00060330003 -0.094152594   -0.71873228   
     -0.18311448    -0.079355291   -0.66448924   
      0.044681626   -0.13061431     0.014128251  
      0.044794256   -0.11088613    -0.53994753   
      0.0061088381  -0.094937856   -0.053279329  
     -0.08073263    -0.068086765   -0.17665471   
      0.021795978   -0.051630746   -0.43341592   
      0.064783025   -0.044443966   -0.69185781   
     -0.023998102   -0.0017195915  -0.75439085   
     -0.084667187   -0.09724785    -0.26009268   
     -0.052830051   -0.10031948    -0.52094071   
     -0.043613608   -0.0098773616   0.068106544  
     -0.052851708   -0.048275601    0.10212722   
     -0.065392646   -0.018057413   -0.061350473  
      0.028562636   -0.068337959   -0.60147771   
      0.063699029    0.017467062   -0.17251752   
      0.0094851135  -0.0074752997   0.042793983  
     -0.076107321   -0.035782703    0.26944606   
     -0.19137551    -0.12860333    -0.72717278   
      0.024832714   -0.057948072   -0.49086875   
      0.034901768   -0.10756494    -0.058881401  
     -0.041557609    0.052185031   -0.41912918   
     -0.038787741   -0.035741897   -0.37903194   
     -0.0058074562   0.027507076   -0.33810315   
      0.0054636883  -0.038739105   -0.37832938   
     -0.2096903     -0.08699563    -0.60388804   
     -0.08878683    -0.012741348   -0.24389196   
     -0.024777824   -0.096369515   -0.43625395   
     -0.089323486    0.022497036   -0.94228225   
     -0.10756645    -0.026418911   -0.419064     
     -0.13912825    -0.13405257    -0.34201243   
      0.064043565   -0.026540688    0.4493036    
     -0.15219566    -0.04381987    -0.60762555   
      0.036993952   -0.0797993     -0.12634484   
     -0.063461005   -0.024162337   -0.6539565    
     -0.035714697    0.088568674   -0.14811189   
     -0.097873602   -0.00089099298 -0.67509238   
      0.14454656    -0.091523661   -0.13171406   
     -0.12823542    -0.15071537    -0.79317086   
     -0.078296083   -0.070661651   -0.61394019   
     -0.029334313   -0.093474894   -0.2585724    
     -0.031108019   -0.029533648    0.076409526  
     -0.12855445    -0.10632634    -0.55837004   
      0.057085652   -0.069953261   -0.53740241   
     -0.17088063     0.017799953   -0.43433867   
     -0.024227397   -0.085070278   -0.6596919    
     -0.032486074    0.10016891    -0.331753     
      0.011923378    0.0082954857  -0.15206687   
      0.0021625673  -0.0014517385  -0.28038153   
      0.039766458   -0.062958473   -0.41771187   
     -0.015824104   -0.027539973   -0.33591417   
      0.0032403061  -0.11691054    -0.085483239  
     -0.0093168436  -0.023618598   -0.12963857   
     -0.13920769    -0.086126348   -0.44934258   
     -0.0061944988   0.0011707991  -0.34780079   
     -0.11453602    -0.094150303   -0.54425202   
     -0.1114354     -0.028414637   -0.52117954   
     -0.080557875    0.011220431   -0.16315855   
     -0.1470699     -0.15286828    -1.0137382    
     -0.065679514    0.033849798   -0.51749773   
      0.011933039   -0.042523775   -0.35861311   
     -0.077833016   -0.13207686    -0.23030069   
      0.091883437    0.060229483   -0.40567952   
     -0.054826838   -0.11178086    -0.24906699   
      0.090771738    0.019298618   -0.30972448   
      0.14667498     0.082092701    0.057752023  
     -0.063520355   -0.18386841    -0.64351728   
     -0.10878415    -0.091459979   -0.50357724   
     -0.043389515   -0.059124061    0.10429557   
      0.030361673   -0.025364245    0.18818563   
      0.0013796439  -0.032650903   -0.024163922  
     -0.053724261   -0.0062932453  -0.66637459   
     -0.021780849   -0.077658172   -0.28875525   
     -0.012490756   -0.0299338     -0.29833289   
      0.015468605   -0.03346897    -0.2874414    
      0.047767243    0.035197176   -0.092421539  
     -0.0029197323   0.0080100176  -0.33148994   
     -0.010928702    0.011968307    0.032944305  
     -0.07078365    -0.037537009   -0.50092544   
      0.015136027    0.038913951   -0.10190309   
      0.0068153637  -0.084808799   -0.27680868   
      0.0053088316   0.027951818    0.012752094  
     -0.011946078   -0.02419886     0.037324687  
     -0.21264153    -0.10990769    -1.0259923    
     -0.09028572    -0.069447191   -0.3396093    
     -0.014764184   -0.10246997    -0.14859969   
      0.023099323   -0.037823907    0.028045645  
      0.10035309     0.06021806    -0.13642398   
     -0.044051401   -0.027916287   -0.49097797   
     -0.16509034    -0.094657966   -0.86786624   
     -0.0094428765  -0.083729821   -0.075177943  
     -0.039294748    0.01844836    -0.49849284   
     -0.072917306   -0.0085868774  -0.37730423   
      0.13918912     0.016885486    0.026401845  
      0.041009695   -0.078071272   -0.41433681   
      0.086650424   -0.038435691   -0.05549983   
      0.061327735   -0.089893973   -0.13990747   
     -0.19969767    -0.022761149   -0.23083715   
     -0.014253267    0.028512765   -0.18528765   
      0.10099606    -0.032604914   -0.63347454   
     -0.0010357894   0.082416679   -0.21698297   
     -0.043993421    0.040407274   -0.35415496   
     -0.047439916    0.18518747     0.054311063  
     -0.12646398    -0.072361986    0.15039764   
     -0.059577241    0.018749116   -0.31004702   
     -0.086153008    0.064596149   -0.31421641   
     -0.0026957097  -0.028709799    0.065206415  
      0.11039551    -0.023915301   -0.057209988  
      0.0052593155  -0.022975117   -0.4782166    
     -0.07759143    -0.021872689   -0.73344468   
     -0.14432924    -0.17093447    -0.64516983   
      0.036339368    0.026265997   -0.43689759   
     -0.026864966    0.026772337    0.0066524631 
      0.11293141     0.0020735153  -0.50140399   
     -0.13698802    -0.11012477    -0.6904159    
      0.095079505   -0.050661635   -0.26614906   
     -0.10880623    -0.084646794    0.0064524543 
      0.079816813   -0.1072942     -0.2982603    
     -0.025800233   -0.030609498   -0.66598154   
     -0.14571845    -0.20404146    -0.54946095   
     -0.071077287   -0.072395872   -1.0467475    
     -0.14212019     0.044900034   -0.11925138   
     -0.10722661    -0.11868283    -0.44078574   
     -0.078244238   -0.065331903   -0.61399604   
     -0.13850983    -0.075200469   -0.42607223   
      0.015357417    0.011256231    0.086119172  
     -0.154373      -0.020821215   -0.70394572   
      0.034887763   -0.15501723    -0.034713296  
      0.0089217157  -0.051334204   -0.17800262   
     -0.090881191   -0.074280332   -0.48739997   
      0.001039321   -0.0029765028  -0.42771889   
      0.025263153   -0.076814435   -0.37228694   
     -0.016586069   -0.022763474   -0.25668577   
     -0.044413312   -0.044621784   -0.30921572   
      0.030092281   -0.02274246    -0.42496329   
      0.10289238     0.012214651    0.081559793  
      0.035892955   -0.053434786    0.002979135  
     -0.099822702   -0.064848031   -0.76088918   
     -0.091061249   -0.16706309    -0.54027651   
      0.050668768    0.044730576   -0.30013585   
      0.00396289    -0.042283582   -0.58169659   
     -0.063454243   -0.096325182   -0.28171841   
     -0.0093557678  -0.034003059   -0.38885657   
     -0.057295665   -0.02289666    -0.68639112   
     -0.038912433    0.084748559    0.30948197   
     -0.085607672   -0.046202832   -0.58799116   
     -0.063229441   -0.26216577    -0.11105121   
     -0.078765433   -0.028116455   -0.42567863   
     -0.19179823    -0.056800644   -0.7595168    
      0.055659993   -0.0094023588   0.091023683  
      0.069370264   -0.032649654    0.026279528  
      0.073226769    0.044739681   -0.14621262   
     -0.069286272    0.011585762   -0.5090203    
     -0.054607651   -0.13162602    -0.40792996   
     -0.078565055   -0.065262181   -0.3418534    
     -0.029277709   -0.043634015   -0.51145696   
      0.027932567   -0.089911172   -0.10032305   
      0.15448492    -0.038336856    0.19098538   
     -0.085375912   -0.071523721   -0.22674189   
      0.012107969    0.03907908    -0.1095888    
     -0.039947394   -0.021254479   -0.56201116   
     -0.061523647   -0.034518746   -0.401631     
     -0.064382192   -0.0059604653  -0.13186107   
      0.076029207   -0.00081506178 -0.19241794   
      0.05959017     0.058902569    0.10607624   
     -0.25805314    -0.091112739   -0.49114048   
      0.030157131   -0.0066427933   0.097663965  
      0.05635307     0.041785614   -0.4156987    
      0.015328769   -0.065038316   -0.1127751    
      0.032731542   -0.023096899   -0.36333602   
     -0.01217546    -0.0015375178  -0.41062733   
      0.00017721847 -0.044557053   -0.48575744   
      0.049866098   -0.096736569    0.10494775   
     -0.071725428    0.06427512    -0.19338004   
     -0.073075299   -0.13143679    -0.098604203  
     -0.081511456   -0.1973342     -0.94239443   
     -0.2241956     -0.11744439    -0.20124902   
      0.0010112961  -0.14122788    -0.14272968   
      0.035027893   -0.042924098    0.046747932  
     -0.019312073   -0.065766538   -0.24263932   
     -0.078435737   -0.13605097    -0.3978945    
     -0.081463992    0.095345521    0.0029768467 
     -0.089540209   -0.0025230195   0.13869181   
     -0.054664038   -0.17013732    -0.69510597   
     -0.019856758    0.004439241   -0.68739782   
      0.067595798   -0.053279123   -0.90955314   
     -0.11419419    -0.099077914    0.085568555  
     -0.099103277   -0.16984386    -0.77170924   
     -0.025362161   -0.038915703   -0.40159224   
     -0.041039252    0.11728627     0.10827143   
     -0.1785589     -0.087503627   -0.42783836   
      0.11050724     0.088278906   -0.40246762   
     -0.019065163    0.10719591    -0.31589975   
     -0.033574816    0.041121444   -0.25188844   
     -0.036132838   -0.090409085   -0.50917716   
      0.078152466    0.053434949   -0.7439804    
     -0.027990436    0.025852579   -0.28375004   
     -0.079053461   -0.15566443    -0.43978899   
     -0.081722632   -0.07467728    -0.19233063   
     -0.071941234    0.034568189   -0.54161401   
     -0.002937056    0.0044789733  -0.25959475   
     -0.12654945    -0.0063520722  -0.43785651   
     -0.041493188   -0.096477097    0.28838166   
     -0.075131436    0.048931832   -0.28565636   
     -0.14788006    -0.03305862    -0.40176469   
     -0.03231921    -0.016919323   -0.42416992   
      0.065771373   -0.024465037    0.17157726   
     -0.0091980394  -0.031212829   -0.32749949   
     -0.087484586   -0.054403756   -0.68868655   
     -0.14314719    -0.058197223   -0.44138426   
     -0.020526531   -0.0019240036  -0.11838495   
     -0.19261633    -0.12126808    -0.032752969  
     -0.10782642    -0.10943839    -0.42389959   
     -0.082536683   -0.041463864   -0.079387471  
     -0.17241232    -0.065229123   -0.32600466   
     -0.22014236    -0.067120212   -0.15222425   
      0.032588068   -0.17489618    -0.23852924   
     -0.22841921    -0.0031057817  -0.81216653   
      0.030521015   -0.10074546    -0.50134428   
      0.0047119633  -0.093147071   -0.07770571   
     -0.078715618   -0.062928797   -0.097953556  
     -0.015395749    0.035592434   -0.13511157   
     -0.088334641   -0.037317169   -0.16287149   
     -0.13103774    -0.18955379    -0.55453603   
     -0.031654267   -0.06550128    -0.66716884   
     -0.12791396    -0.0053096507  -0.61117523   
     -0.1127656     -0.0013643623  -0.53118651   
     -0.041849278   -0.18727341    -0.23859385   
     -0.07018643     0.03785054    -0.75300744   
      0.076779213    0.006044191   -0.16810882   
     -0.10516316     0.042706731   -0.44533897   
      0.060746636    0.032340889   -0.49071316   
      0.052295071   -0.18281343    -0.38385194   
     -0.0010815688   0.025407791    0.18859415   
      0.016395104   -0.024107941   -0.35249053   
     -0.083120728    0.019505387   -0.20963923   
     -0.094168523   -0.059904332   -0.3934071    
      0.003445018    0.046637742    0.0076210062 
      0.0017009399  -0.019310651   -0.00093936707
     -0.1881521     -0.1458109     -0.65039045   
     -0.030060681   -0.056418483   -0.072381657  
     -0.11945037    -0.052533977   -0.40961367   
      0.023481086   -0.062334007   -0.14825037   
     -0.1264403      0.047775182   -0.14134396   
     -0.076873441    0.12922522    -0.26310993   
     -0.09047204    -0.092407546   -0.37803187   
     -0.013244923   -0.07001847    -0.31310776   
     -0.12374315    -0.10762277    -0.33712832   
     -0.1002678     -0.10581129    -0.44183871   
     -0.068438524   -0.09075326    -0.29170251   
      0.073453644   -0.057997271   -0.10297455   
     -0.15210643    -0.085808393   -0.068066542  
     -0.047172904   -0.0078124018  -0.40309544   
     -0.079699908    0.017447231    0.031611657  
      0.022230565   -0.0010723772  -0.0078530714 
     -0.12568188    -0.062495163   -0.25211016   
      0.00060578597 -0.0066967925  -0.19339708   
     -0.0047855602  -0.081471725   -0.3224658    
     -0.13884337    -0.1237087     -1.0984029    
     -0.029233977   -0.0094146028  -0.53838274   
      0.0067909612  -0.10121569    -0.26415447   
      0.013510436   -0.14341416    -0.45910919   
      0.0077917807  -0.076516535   -0.43866012   
      0.0014734098  -0.060733327   -0.40513384   
      0.076172139    0.098015199   -0.57624156   
     -0.05847534     0.01984318    -0.49344961   
     -0.019732911    0.0051874616  -0.62486203   
     -0.013244131    0.016831754   -0.2723736    
      0.023725062   -0.0060363968  -0.78764355   
     -0.073599785    0.036997509   -0.88607137   
     -0.14097493    -0.092085159   -0.91869105   
     -0.040993562   -0.13690692    -0.38110673   
     -0.081669508   -0.047592689   -0.50014156   
     -0.019597949   -0.086515961   -0.937128     
     -0.012971091   -0.015312729    0.067315039  
     -0.077080386    0.041634942   -0.5134602    
     -0.0094609834   1.0383539e-05 -0.089716253  
     -0.044107948    0.06383134    -0.029418433  
     -0.042787062    0.017106151   -0.43428946   
      0.069058573   -0.19076874    -0.43544328   
      0.033758782   -0.015469152   -0.13228645   
      0.10326474     0.054051861   -0.018999688  
     -0.016043628   -0.029236065   -0.36475004   
      0.11744531    -0.061554195   -1.049038     
      0.057872696   -0.010545119   -0.34647298   
     -0.10261108    -0.11051553    -0.68477002   
     -0.033378004    0.020148508    0.13213325   
     -0.039331653    0.018608437   -0.12871993   
     -0.071065538   -0.0881901      0.42543413   
      0.034234012   -0.074434      -0.28061424   
     -0.048392427   -0.017301715   -0.42936195   
     -0.12298253    -0.17607053    -1.1088476    
     -0.017685569   -0.11560795    -0.60572391   
      0.020548413   -0.075359741    0.12281762   
     -0.060952566   -0.13262606    -0.15540024   
      0.089896864    0.069152108   -0.18726339   
     -0.088760432   -0.026492178   -0.13483447   
     -0.11114554    -0.033179758   -0.97083018   
      0.0048427896  -0.092826257   -0.15544884   
     -0.12964903     0.039292364   -0.43282003   
      0.030708186    0.14243853     0.013072064  
     -0.060309358   -0.1383828     -0.50901417   
     -0.15245963    -0.13946674    -0.24900704   
     -0.11945337    -0.21334784    -0.34634815   
      0.021808651    0.058494948   -0.54232501   
     -0.12880108    -0.079910756   -0.56052911   
     -0.016896909    0.074140758   -0.088188515  
     -0.041246596   -0.062617494   -0.49119639   
     -0.030271248    0.051957455   -0.40103012   
     -0.014922498   -0.017600754   -0.67809021   
     -0.15098066    -0.076846848   -0.63297184   
      0.069485084   -0.017473494    0.011317512  
     -0.10279262    -0.057630973   -0.50811939   
     -0.10633928    -0.010618151   -0.17233197   
     -0.076547346   -0.019826224   -0.13138491   
     -0.10536714     0.020775318   -0.26584143   
      0.0062322273  -0.083199139   -0.46280436   
      0.10224664    -0.067995429   -0.10451295   
     -0.043561174   -0.10084596    -0.79742545   
      0.0052474246  -0.0033301979  -0.23326361   
     -0.051032884   -0.035577624   -0.35113818   
     -0.05662461    -0.066014349   -0.38908127   
     -0.1291839     -0.13921037    -0.89899472   
      0.0033247709  -0.0083562616  -0.37138277   
      0.015470589    0.10866979    -0.41169784   
     -0.05844345     0.10209831     0.3099661    
     -0.092752952   -0.099128313   -0.5176458    
      0.051837285   -0.071305335   -0.21544108   
     -0.028098655    0.068581539   -0.15684142   
     -0.0092133224   0.042526654   -0.14201535   
      0.03964487    -0.0012029093  -0.53965347   
      0.026098044    0.041246352   -0.43558181   
     -0.13927903    -0.11496261    -0.73356313   
     -0.045966197    0.15483398    -0.31548766   
     -0.097232585   -0.11077141    -0.3419696    
      0.035465929   -0.02821377     0.1226636    
     -0.062125818    0.006030083   -0.8253291    
     -0.014024798   -0.021056959   -0.37546299   
      0.024196439    0.054451675   -0.13593534   
     -0.077019401    0.0078763569  -0.67796615   
     -0.099147787   -0.062517181   -0.53393731   
     -0.0058576442   0.02817838     0.093788131  
     -0.10678087     0.093782106   -0.048439923  
     -0.089067418    0.042822339   -0.35047965   
     -0.1024201     -0.077912178   -0.45437211   
     -0.093220437   -0.03850937    -0.44154713   
     -0.042880295   -0.047368784    0.10120881   
     -0.008512608    0.050874584   -0.49399151   
      0.022744644   -0.087782899   -0.52291319   
      0.048570574   -0.08652677     0.043464909  
     -0.017419458   -0.095755898   -0.62024522   
     -0.042376575   -0.097253038   -0.57302426   
     -0.17079264    -0.20557285    -0.82490321   
     -0.089783144   -0.1483582     -0.24481806   
      0.020142619    0.021488807   -0.45486677   
     -0.18063367    -0.092914779   -0.43305084   
     -0.16411182    -0.097094664   -0.097977214  
     -0.12395899    -0.059682114   -0.51373144   
     -0.12792101     0.026963369   -0.55294292   
     -0.082645843   -0.063191238   -0.37120163   
      0.079951234   -0.058548243   -0.072123062  
     -0.10775003    -0.048354072   -0.65760927   
     -0.0059158976  -0.022711425   -0.56340516   
     -0.051327111   -0.031863955   -0.8086535    
     -0.045370831    0.1032915      0.013974611  
      0.1130715     -0.02715386    -0.11202764   
     -0.097354846   -0.077594494   -0.67894314   
     -0.14426568    -0.12484504    -0.53999216   
     -0.12147553    -0.14757874    -0.72621401   
     -0.066499859   -0.050467276   -0.24701191   
     -0.033088463   -0.11572389    -0.22874609   
     -0.0062549779   0.070062136   -0.14485003   
     -0.03685568    -0.066914466   -0.58597935   
     -0.058356192   -0.046800663   -0.4545883    
      0.010224075    0.04423859    -0.3173197    
     -0.1096173     -0.0096050156  -0.49359386   
      0.041370833   -0.02146867    -0.2671212    
      0.026928204   -0.018900451   -0.26982498   
     -0.024771552   -0.036021925   -0.34093288   
     -0.10926346    -0.073861209   -0.83495518   
      0.066626121    0.039638787   -0.11729824   
     -0.18997639    -0.12479456    -0.60982472   
      0.031784977   -0.0073309694  -0.2030555    
      0.055466402    0.12555338    -0.17733763   
     -0.079236191   -0.02984095    -0.05326961   
     -0.024863914   -0.032950385   -0.60712639   
     -0.032498576   -0.065431536   -0.16959169   
     -0.070412428    0.029516051    0.065171019  
     -0.023843742    0.0012871632   0.1986309    
     -0.089255875    0.031291279   -0.13438997   
     -0.048494437   -0.094087603    0.10835628   
      0.020813364    0.013869637   -0.37714338   
      0.0443005     -0.051051571    0.016637826  
      0.16247989    -0.0079864172  -0.43145436   
     -0.0011176934  -0.1018526     -0.39490282   
     -0.0060072079  -0.069074607   -0.62264659   
     -0.17124447    -0.093716192   -0.59015059   
     -0.021012818    0.0089578217  -0.53410302   
     -0.056834242   -0.014997984   -0.13126267   
     -0.070351911   -0.032203713   -0.6998098    
