
    -32.161541     -32.161541      0.0022111957 
   -0.27164826    -0.43718769     0.066800277  
    0.36218512     0.1944285     -0.056830894  
    0.50655381     0.60049632    -0.29402068   
    0.48117531     0.5553074      0.1899987    
    0.1827044      0.21378152     0.14483957   
   -0.032685501   -0.053119671   -0.27689026   
   -0.22258358    -0.18017458     0.034734357  
   -0.37325997    -0.35508531    -0.31530102   
    0.04925185     0.06390536    -0.11028237   
   -0.087017644   -0.052663743   -0.23568436   
   -0.30187001    -0.2547973     -0.19089443   
   -0.15358597    -0.15230214    -0.060234172  
   -0.032992254   -0.050242759   -0.061406139  
   -0.06619134    -0.076278905   -0.41974431   
   -0.028797587    0.094286123    0.13391192   
   -0.10663988    -0.096500491    0.19740742   
   -0.085034897   -0.16586359    -0.46647501   
   -0.080912881    0.010709032   -0.30798406   
   -0.016873867   -0.14454357    -0.28928634   
   -0.086589565    0.052728885    0.43978556   
   -0.11022423     0.029301523   -0.13450312   
   -0.20288376     0.019930831   -0.74302414   
   -0.079284648   -0.064450605    0.25180125   
    0.063828725    0.036475697    0.50251061   
   -0.094475872   -0.031567062   -0.19962642   
    0.023438507   -0.086355163   -0.36776676   
   -0.0021291489  -0.13826647    -0.043859825  
   -0.10462196    -0.056419931   -0.039166339  
    0.070678849    0.049001163   -0.15021633   
   -0.019909054    0.045052954   -0.29405388   
   -0.10432097    -0.099693582   -0.6299042    
   -0.031653079   -0.20096856     0.052654101  
   -0.13555296    -0.16983429    -0.17861934   
    0.0038322558  -0.13063593    -0.21832619   
   -0.082138273   -0.029691383   -0.33088667   
   -0.050147052   -0.10543891     0.018936515  
   -0.029228531   -0.037294072    0.361849     
   -0.077931383   -0.056515434   -0.37037804   
    0.0014446503   0.021471595   -0.24384603   
   -0.16732274    -0.085894341    0.00031058809
   -0.097100888   -0.080246702    0.52434203   
    0.030252838   -0.0038192738  -0.353112     
   -0.13101434    -0.10282929    -0.50352721   
   -0.23917765    -0.13052015    -0.3655051    
   -0.07669427    -0.011493032    0.24653155   
   -0.14137705    -0.16007882    -0.36502211   
   -0.16844676    -0.11641159    -0.36402679   
    0.02822324    -0.022744563    0.26963917   
    0.076959907   -0.15324075    -0.042370772  
   -0.076963683   -0.11601281    -0.2009747    
   -0.1848434     -0.10035244    -0.7555021    
   -0.1888835     -0.23130706    -0.16453259   
   -0.052151155   -0.28534076    -0.2854304    
   -0.16636906    -0.18355085    -0.36521753   
   -0.11571628    -0.054192324    0.30226243   
    0.041072258   -0.025758113   -0.14626834   
   -0.13679312    -0.22148194     0.0031252669 
   -0.13964904     0.0025553386   0.28367829   
   -0.086359281   -0.030370186    0.033601776  
   -0.11998467    -0.075112236   -0.40051598   
   -0.16130032    -0.16513514    -0.13600872   
   -0.19243171    -0.056537185    0.083761535  
   -0.027401454   -0.071679325   -0.33192312   
   -0.13383124    -0.047238896    0.31644323   
   -0.23445236    -0.04395503    -0.49846841   
   -0.18224045    -0.25604265    -0.058669427  
   -0.16973104    -0.1768136     -0.43733333   
   -0.18088056    -0.11300648    -1.1815444    
   -0.15606094    -0.17302756    -0.36259097   
   -0.18857268    -0.12073085    -0.30100054   
   -0.034283442   -0.14333292     0.34106348   
   -0.1249179     -0.13096092    -0.16914396   
   -0.067788638   -0.19071354    -0.34744365   
   -0.11840564    -0.069428101   -0.15375731   
   -0.1337902     -0.14727008     0.067647791  
   -0.15967969    -0.20160267    -0.46205341   
   -0.1780998     -0.13260781     0.09365802   
   -0.17319256    -0.18312584    -0.30807762   
   -0.040972606   -0.13991965     0.16594725   
   -0.30304908    -0.18115538    -0.84248259   
   -0.22817239    -0.21170843    -0.48744116   
   -0.13880057    -0.02850591    -0.32382711   
   -0.16210415    -0.16497069    -0.076467107  
   -0.092822092   -0.043043196    0.25994611   
   -0.034089739   -0.1047773     -0.87556535   
   -0.14178517    -0.19186536    -0.079985368  
   -0.049909606   -0.12911857    -0.022398473  
   -0.11438788    -0.17418622    -0.51020284   
   -0.13217174     0.0054833167  -0.047299657  
   -0.094476125   -0.20203872     0.054011616  
   -0.011717307   -0.078235042    0.30561743   
    0.061349691   -0.022162172    0.46493388   
   -0.087750173   -0.085493754   -0.15657573   
   -0.12904003    -0.24051244     0.011487201  
   -0.080616005   -0.13857727    -0.42705968   
   -0.1231315     -0.036061959   -0.16831925   
   -0.062114826   -0.099078506   -0.35727728   
   -0.20161887    -0.2205198     -0.78146481   
   -0.11760341    -0.012619594    0.54593637   
   -0.094284443   -0.14966458    -0.32817022   
   -0.013793294   -0.10739445    -0.048569071  
   -0.0080019509  -0.092198793   -0.025129473  
   -0.15970932    -0.20249184    -0.71057122   
   -0.12871096    -0.12908875    -0.41574308   
   -0.077722235   -0.21115893    -0.49743447   
   -0.10249762    -0.13561327    -0.36251102   
   -0.061610619   -0.10284893    -0.23743725   
   -0.22064742    -0.27817427    -0.34741117   
   -0.2246313     -0.19117559    -0.46697084   
    0.021003777   -0.027384734   -0.15002957   
   -0.13651074    -0.033142381   -0.023200908  
   -0.10520749    -0.078920848   -0.014970398  
   -0.022557941   -0.088594966   -0.14407858   
   -0.13255561    -0.056918599   -0.47160255   
   -0.070576032   -0.016428831   -0.00024259147
   -0.074304317   -0.0251651     -0.032066316  
    0.020833326   -0.028104149   -0.005231156  
   -0.068125967   -0.05137772     0.33510877   
   -0.1100828     -0.085945284   -0.16114908   
   -0.092488088   -0.081403799   -0.30868542   
   -0.10539482    -0.11460448    -0.11382314   
   -0.089911495    0.060314104    0.063585669  
   -0.16435505    -0.093383767   -0.027380906  
   -0.015412555   -0.08587202     0.047435178  
   -0.075693039   -0.10632628    -0.1268303    
   -0.067129822   -0.15538877    -0.038258661  
   -0.066274531    0.060249685    0.023472969  
   -0.1197301     -0.18329864    -0.14961929   
   -0.066139046    0.013243742    0.14345493   
   -0.16487596    -0.13817633    -0.22986558   
   -0.17804724    -0.034707271   -0.50615701   
   -0.051952274   -0.0067068468  -0.29589412   
   -0.11137656    -0.089375136   -0.59781309   
   -0.077985344    0.014120268    0.013377191  
   -0.19135628    -0.052900731    0.0632286    
   -0.013687025   -0.08707605     0.025664333  
   -0.094822281   -0.084117414   -0.0091901889 
   -0.074883915   -0.075749596   -0.17230364   
   -0.013266778   -0.14250203    -0.10824376   
   -0.17729729    -0.052179715    0.065978047  
   -0.12466544    -0.02637294    -0.085380578  
   -0.05902406    -0.15208077    -0.57068225   
   -0.085773346   -0.052210767   -0.51500371   
   -0.064269915   -0.071713517   -0.42936195   
   -0.15744588    -0.23481965    -0.36755293   
   -0.25640873    -0.22965224    -0.45370937   
   -0.25434815    -0.084937203   -0.49064158   
   -0.0030708105  -0.024597656    0.38593686   
   -0.036234946   -0.052755619    0.0050589595 
   -0.11677656    -0.073202546   -0.47706042   
   -0.10419026    -0.21292799    -0.084751517  
   -0.13343815    -0.23655882    -0.023037368  
   -0.13137977    -0.11136361    -0.13800895   
   -0.055543874   -0.10776343    -0.013029529  
   -0.13634219    -0.11194813    -0.81880727   
   -0.13059907    -0.031034885   -0.19594184   
   -0.054936269   -0.054223916   -0.27134741   
   -0.017709972   -0.17259477    -0.094918055  
   -0.038899715   -0.20434928    -0.21953594   
   -0.0062673998  -0.011166127    0.093767453  
   -0.097639333   -0.11131824     0.052818355  
   -0.053898249   -0.012165527   -0.11342962   
   -0.024070577    0.020665579    0.025432531  
   -0.14325618    -0.13077997    -0.42858579   
   -0.28496733    -0.043733451   -0.10665914   
   -0.14680032     0.03526034    -0.52522563   
    0.0058780649  -0.070534814   -0.2857698    
   -0.087676186   -0.10178102    -0.28959289   
   -0.020806905    0.036766384    0.35238578   
   -0.15695959     0.060645268    0.49314296   
   -0.057769598   -0.21644856     0.0033243914 
   -0.022216557   -0.10257016    -0.1640952    
   -0.1406511     -0.053836415    0.41119768   
   -0.20160122    -0.059123602    0.080945305  
   -0.07548584    -0.086294364   -0.22791193   
   -0.1253723      0.0096280667  -0.405787     
    0.0094732543  -0.12226495    -0.12762106   
   -0.02319057     0.058571005   -0.19778976   
   -0.11797918    -0.05949761    -0.25756626   
   -0.086865574   -0.059450175   -0.63468516   
   -0.16017345    -0.14874736    -0.35724096   
   -0.087692704   -0.072178433   -0.093700207  
   -0.03629753    -0.0025053788  -0.066043641  
   -0.15524601    -0.012217564   -0.26265443   
   -0.1060199     -0.14007209    -0.88965442   
   -0.063509849   -0.066263639   -0.0303683    
   -0.048297626   -0.066566349   -0.10757602   
   -0.14580567    -0.20941454    -0.50298223   
   -0.23783079    -0.09195685    -0.034091807  
    0.010359318   -0.023155765    0.60381987   
   -0.25077631    -0.17558223    -0.45642828   
   -0.10779289    -0.12892581    -0.27120562   
   -0.032153104   -0.039947348    0.050907328  
   -0.02442249    -0.11009024    -0.32015226   
    0.019516531   -0.08285498     0.051408774  
   -0.16613693    -0.098612568   -0.1084019    
   -0.052263418   -0.016800337    0.13870779   
   -0.13112642    -0.10771949    -0.54593441   
   -0.078923462   -0.031633946    0.0058996039 
   -0.11555721    -0.11373189    -0.49360359   
   -0.11186581    -0.039225206   -0.38884145   
   -0.11865258    -0.082506208   -0.14638158   
   -0.072858533   -0.11083346    -0.28784505   
   -0.091211332   -0.017171418   -0.12585193   
   -0.12301023     0.036054816    0.090269514  
   -0.032647521    0.023907515    0.28995516   
    0.017468946   -0.02105706    -0.088905339  
    0.0083689586  -0.0041052547  -0.45169926   
    0.049166127   -0.042861799   -0.014103758  
   -0.11005176    -0.21451023     0.12825042   
   -0.060875724   -0.067794666   -0.15609268   
   -0.11317052    -0.23489016    -0.65886709   
   -0.1183507      0.061494636    0.23200297   
   -0.041419598   -0.17055175    -0.40179035   
   -0.14702082    -0.10960864    -0.544856     
   -0.10748874    -0.14608737    -0.48590081   
   -0.19745005    -0.14641883    -0.36133863   
   -0.16314644    -0.10816961    -0.27480865   
   -0.074901743   -0.1419772     -0.035319509  
   -0.1547934     -0.04999971    -0.0081000939 
   -0.11245701    -0.20966338    -0.55812192   
   -0.19072448    -0.10956745    -0.38161792   
   -0.10363665    -0.010552848    0.071502805  
   -0.031637801   -0.10163116     0.093009034  
   -0.040190335   -0.21927285    -0.63790752   
   -0.12512168    -0.20620872    -0.37691336   
   -0.12284183    -0.089761538   -0.056114878  
    0.019616754   -0.075834261    0.11101491   
   -0.10513634    -0.071510824   -0.070160646  
    0.043885819   -0.09287686     0.12738733   
   -0.1142055      0.031454178    0.025336943  
   -0.12176956    -0.1243203     -0.11910206   
   -0.045100639   -0.063959657    0.43115054   
   -0.16846503    -0.06522282    -0.46086718   
   -0.15052573    -0.13743741    -0.1500358    
   -0.20467643    -0.065512361   -0.19536329   
   -0.037156295   -0.070695592    0.053091001  
   -0.15477938    -0.088189022   -0.30457868   
   -0.06124525    -0.14918963    -0.14459576   
   -0.088181898   -0.1313153      0.14434463   
   -0.20365898    -0.13148248    -0.53555875   
   -0.14445504    -0.068803713    0.088385821  
   -0.18907387    -0.19135711    -0.076696821  
   -0.034446393    0.017102604   -0.14639054   
   -0.11511198    -0.15919922    -0.44984189   
   -0.12439863    -0.10216373    -0.22878609   
   -0.13074242    -0.042048198   -0.75481337   
   -0.1810984     -0.12907691    -0.58708375   
   -0.02094194     0.026150435   -0.12561605   
   -0.057054582   -0.016574359   -0.031395796  
   -0.060034465   -0.014746061   -0.3508607    
   -0.069838987   -0.10106168    -0.36025041   
   -0.16072358    -0.11951506    -0.058566029  
   -0.12725991     0.011210989   -0.1467677    
   -0.098320125   -0.14561759    -0.13566067   
   -0.10978948    -0.10381618    -0.3446941    
   -0.1810952     -0.15067208    -0.92995861   
   -0.084834671   -0.083881307   -0.2076643    
   -0.1820754     -0.081058851   -0.61417511   
   -0.17781165    -0.19738228    -0.31578197   
   -0.099990232   -0.14514395     0.035532543  
   -0.11259073    -0.24504901    -0.3427809    
   -0.17465021    -0.066026496   -0.072281898  
   -0.11075298    -0.031960726    0.028032505  
   -0.025085874   -0.036420779    0.0607085    
   -0.095378679   -0.069727103   -0.62632843   
   -0.089793341   -0.0014918756   0.051349992  
   -0.056006393   -0.0042233121  -0.11423492   
   -0.028875659   -0.10245298     0.37225235   
   -0.028023555   -0.015291351    0.57441887   
   -0.14512141    -0.21224161    -0.84792897   
   -0.14508407    -0.11138357    -0.24357063   
    0.029062032   -0.041806422   -0.25075256   
   -0.19966227    -0.12574714    -0.049337952  
    0.063773647   -0.039671346    0.51885893   
   -0.085115796   -0.058288389    0.060104913  
   -0.0432402     -0.058550841   -0.083314526  
    0.0086434809  -0.062215915   -0.23956332   
   -0.18339837    -0.07625925    -0.18744614   
   -0.17281526    -0.13512391    -0.32927786   
   -0.095981493   -0.18738533    -0.13879403   
   -0.09377834    -0.071480398   -0.42555136   
   -0.098172119   -0.089455763   -0.29140429   
   -0.19841448    -0.040770037    0.027297835  
   -0.030245358   -0.051297808    0.065740485  
   -0.12444019    -0.014043986   -0.11432293   
   -0.16444822     0.063302496    0.025776071  
   -0.10176872    -0.12973319    -0.25652821   
   -0.10219853    -0.09918663    -0.22872808   
   -0.12906536    -0.12546854    -0.093404999  
   -0.095025299   -0.20707591     0.22503236   
   -0.044316542   -0.097006055    0.13213175   
   -0.063915511   -0.019434827   -0.33546282   
   -0.098775772   -0.246454      -0.41013927   
   -0.11725836    -0.052682807   -0.47751084   
    0.005661585   -0.068941889    0.28510988   
   -0.22918353    -0.17782746    -0.10386714   
   -0.076778532   -0.099518534   -0.58884316   
    0.0333857     -0.097682583    0.084634111  
   -0.11562699    -0.048535654   -0.01147143   
   -0.072656767   -0.044120679    0.054002897  
   -0.14827792    -0.072644306    0.42427514   
   -0.10585587    -0.084459266    0.25334459   
   -0.058646886   -0.049130993   -0.13170466   
   -0.18177343    -0.065328904   -0.18394586   
   -0.094018153    0.033157314    0.25401023   
   -0.11649386    -0.061252383    0.075250349  
   -0.10984985    -0.097280749   -0.021478354  
   -0.054967048   -0.058861973    0.56485921   
   -0.11332993    -0.055452498    0.49397862   
   -0.092279963   -0.12525355    -0.15597595   
   -0.10235519    -0.088003892   -0.17710095   
   -0.10423998    -0.0080842674   0.34487384   
   -0.06859763    -0.19901333    -0.32960018   
   -0.029375371   -0.18958599     0.19890466   
   -0.019096302   -0.18526712     0.061906911  
   -0.087230924   -0.18270213    -0.34902212   
    0.0011848595  -0.11197659     0.05348941   
   -0.12437648    -0.15811239    -0.34324329   
   -0.093101245   -0.1645652     -0.11875807   
   -0.051909832   -0.10206579    -0.26101488   
   -0.17121784    -0.1297172     -0.51437715   
   -0.053756559   -0.021649987    0.1006768    
   -0.097243277   -0.19575217    -0.28945672   
   -0.18221447    -0.0062793815  -0.01055713   
   -0.18059074    -0.2120762     -0.018338557  
   -0.11783399    -0.16056983    -0.3163823    
    0.044645693    0.020744087   -0.15998174   
   -0.060560989    0.091296928    0.36996858   
   -0.080404812   -0.14257435    -0.0049721849 
   -0.12021108     0.036803698    0.027957799  
   -0.035072556   -0.019386398    0.16194748   
   -0.061706183    0.0010761138  -0.063747969  
   -0.13968394    -0.069663552   -0.39579226   
   -0.11814631    -0.055176256    0.030881735  
   -0.13331731    -0.005129295   -0.19879252   
   -0.081073268   -0.02104406     0.35779428   
   -0.089969775   -0.03965709    -0.071880264  
   -0.00027674321 -0.083666561    0.1697381    
    0.017097488    0.0032175372   0.17921937   
   -0.15552922    -0.019654991   -0.41472373   
   -0.046154858   -0.043731417   -0.019007193  
   -0.10878397    -0.10566341    -0.19018001   
   -0.1273352     -0.070883811   -0.3930814    
   -0.040598172   -0.092741521    0.34895251   
   -0.26646397    -0.023260657   -0.57297729   
   -0.1354153     -0.11275554     0.28450183   
   -0.19032655    -0.16312381    -0.10209005   
   -0.1027317     -0.13093949    -0.23426491   
   -0.16563502    -0.27263926    -0.85349951   
   -0.16267663    -0.15160654    -0.62062602   
    0.062305543    0.00068340114  0.085759767  
   -0.061692115   -0.085398175   -0.31998658   
   -0.12589643    -0.13157685    -0.76698385   
   -0.24113683    -0.04094048    -0.39439554   
   -0.13165422    -0.15413133    -0.45796115   
   -0.19392111    -0.22773995    -0.29168922   
   -0.062689855   -0.094578363    0.29668128   
   -0.072454601   -0.1070288     -0.23922829   
   -0.14808708    -0.14005025    -0.3332899    
   -0.068148911   -0.19559537    -0.07025443   
   -0.06596637    -0.02844014     0.26339846   
   -0.010946729   -0.083301141   -0.24627563   
   -0.076389806   -0.1108698     -0.15418294   
   -0.021607757    0.009053862   -0.23256154   
   -0.16454346    -0.022479222   -0.050856643  
   -0.054294755   -0.15736059     0.045120911  
   -0.16630391    -0.21482108    -0.27940814   
   -0.14586398    -0.048783275   -0.24959317   
   -0.13634656    -0.12877318    -0.07821354   
   -0.11320973    -0.036458659   -0.19460015   
   -0.059591758   -0.13659663    -0.51859534   
   -0.18888868    -0.24957147    -0.59627343   
   -0.13410693    -0.059792179   -0.3180521    
   -0.042991162   -0.096241393   -0.022259517  
   -0.19649213    -0.20889949    -0.15993263   
   -0.11126509    -0.13652716    -0.32196968   
   -0.1924234     -0.048031169   -0.35037086   
   -0.05616332     0.074231453   -0.3565784    
   -0.13230145    -0.20915199     0.042727776  
   -0.068863439   -0.034896891   -0.1197594    
   -0.15043943     0.01219141    -0.04558796   
   -0.17310491    -0.075780939   -0.306399     
   -0.11952118    -0.13443025    -0.54900262   
   -0.044288033   -0.11685417    -0.63574355   
   -0.028516725   -0.11124866     0.024083636  
   -0.10034885    -0.15675123    -0.30339755   
    0.0081306126  -0.053301627   -0.077420677  
   -0.093486314   -0.15674238    -0.11568036   
   -0.072195427   -0.084889666    0.071535995  
   -0.035627437    0.018084375   -0.19196164   
   -0.10615585    -0.17550894    -0.28763483   
    0.0038214646   0.040949106    0.34420773   
   -0.13861069     0.0049146978  -0.020671055  
   -0.12231649    -0.067025796   -0.22299524   
   -0.095872624   -0.025650422   -0.0063607515 
   -0.21226575    -0.13960693    -0.61991303   
   -0.12370651    -0.10278877    -0.094250717  
   -0.058180402   -0.20970405    -0.084247175  
   -0.12214199    -0.15146896    -0.36335169   
   -0.20406293    -0.13672726     0.26781129   
   -0.12577293    -0.064386772    0.18188661   
   -0.048288595   -0.18726075    -0.25133896   
   -0.061667909    0.016961536    0.28634751   
   -0.094312394   -0.021076325    0.12336116   
   -0.22418665    -0.11860087    -0.070485626  
   -0.053940819    0.013570602   -0.0073724361 
   -0.091458779   -0.22879224    -0.24066495   
   -0.073268532    0.091628054   -0.16519305   
   -0.068915766   -0.13210291    -0.1267284    
   -0.21473409    -0.17694725    -0.88654947   
   -0.095527259   -0.14742476    -0.01511397   
   -0.17283129    -0.050392186    0.31414036   
   -0.031425306   -0.015739659   -0.067950157  
   -0.049267451   -0.085341579   -0.13946884   
   -0.072652682    0.046142803    0.2863295    
   -0.15674333     0.023080198   -0.4801247    
   -0.062737283   -0.0028720667  -0.57058081   
   -0.17257691     0.045496815   -0.051616979  
   -0.021728561   -0.10566944    -0.096060463  
   -0.021233783   -0.023726999    0.0064530715 
   -0.046404221   -0.1270103     -0.38745372   
   -0.05378458     0.05840465    -0.032665191  
   -0.080503205   -0.19481771    -0.40620982   
   -0.16570368    -0.068354163   -0.27296691   
   -0.10780693    -0.070872439   -0.48128047   
   -0.11742231    -0.1785133     -0.11920312   
   -0.15781545    -0.094865639    0.10535231   
   -0.093808495   -0.14818742     0.12886852   
   -0.13501858    -0.09426919     0.022780587  
   -0.10624253    -0.023494449   -0.095632852  
   -0.15156376    -0.14837144    -0.42528377   
    0.0078630915  -0.017643013   -0.3860388    
   -0.1143532     -0.059439052   -0.33397925   
   -0.070328191   -0.12518286    -0.1367478    
   -0.19931105    -0.10438874    -0.023028284  
   -0.14925512    -0.083454032    0.12335987   
   -0.11352946    -0.16727976    -0.12287987   
   -0.1278634     -0.13331258     0.12242956   
   -0.13849248    -0.11907928    -0.071777888  
   -0.021729055    0.022135428    0.2577165    
   -0.09801802    -0.14749072    -0.33509768   
   -0.07985755    -0.11592499    -0.066502869  
   -0.036112031   -0.047529912   -0.046895819  
   -0.10048939    -0.070718472    0.16576721   
   -0.15804438    -0.10586126    -0.45050323   
   -0.11165579    -0.13400451    -0.035426732  
   -0.18333885    -0.10960543    -0.19273978   
   -0.095963106   -0.047587614   -0.13489764   
   -0.036549781   -0.13884659     0.067486186  
   -0.059691194   -0.093669617   -0.37926458   
   -0.048569296   -0.030520418   -0.17230019   
   -0.15084296    -0.016972597   -0.13042573   
    0.070620665   -0.024090578    0.18298825   
    0.011366047   -0.10753121     0.021499032  
   -0.1585266     -0.039654085   -0.30225123   
   -0.096367669   -0.098275559   -0.28111531   
   -0.1170277     -0.13251725    -0.060101171  
   -0.05221745    -0.066138519    0.88187237   
   -0.10083022     0.0061688943  -0.22767829   
   -0.12476761    -0.18924824    -0.021758561  
   -0.15865429     0.004093029   -0.51715806   
   -0.045973513    0.12205705    -0.29134756   
   -0.16406128    -0.15148138    -0.54834207   
   -0.030900104   -0.034832775    0.03331152   
   -0.056395814   -0.12866276    -0.12676152   
   -0.0025395378  -0.093787431   -0.49331233   
   -0.1426589     -0.042993958   -0.12133077   
   -0.05268885    -0.16705259    -0.27100533   
   -0.10982943    -0.078927339   -0.27407353   
   -0.12688163    -0.12536518    -0.078119538  
   -0.072223431   -0.13598506     0.12991761   
   -0.042227509   -0.09015875     0.59006502   
   -0.11559972    -0.089420547   -0.31451663   
   -0.091104657   -0.19848292     0.050737053  
   -0.11934007    -0.1740953      0.041912222  
   -0.042388365   -0.082215456   -0.054575962  
   -0.1926562     -0.14711758    -0.13049801   
   -0.069045381   -0.16837055    -0.15624628   
   -0.1454068     -0.071591918   -0.21695956   
   -0.11659601    -0.12899306    -0.5887753    
   -0.24514798    -0.12958191    -0.56069907   
    0.0086767032   0.040773217    0.15902459   
    0.029071077    0.0070052958   0.096631329  
   -0.058746811   -0.058003407   -0.23146275   
   -0.018158361   -0.087247496   -0.61011361   
   -0.11122066    -0.11588276    -0.65008637   
   -0.33029012    -0.19696586    -0.70534787   
   -0.0048525552   0.065525469    0.30854485   
   -0.07791987    -0.19734736     0.042743642  
   -0.07368221    -0.14751757    -1.0587919    
   -0.18339525    -0.11838753     0.088722637  
   -0.081188422   -0.041381354    0.14999729   
   -0.11923102    -0.09151536    -0.27477208   
    0.015307973   -0.027317526   -0.043459665  
   -0.23186522    -0.13866124    -0.32697528   
   -0.099683096   -0.18639748    -0.023166084  
   -0.15114668    -0.20231824    -0.35190106   
   -0.10958597    -0.10758527     0.15891813   
   -0.058410231   -0.026801055   -0.11352553   
   -0.068250423   -0.080903768    0.0035319378 
   -0.041717333   -0.085747691   -0.039488673  
   -0.15762281    -0.14559029    -0.39430998   
   -0.0055237693  -0.12759252    -0.46904871   
   -0.24508103    -0.13141771    -0.54050321   
   -0.13460869     0.022696433   -0.51767123   
   -0.16867279    -0.083189051   -0.020969253  
   -0.14610824    -0.045355443    0.086804183  
   -0.094587883   -0.16249919    -0.1631169    
   -0.080890444   -0.055790475   -0.20623885   
   -0.017216189    0.075975823    0.080026803  
   -0.13858184    -0.11445222    -0.3549171    
   -0.016623631   -0.061280706    0.35923631   
   -0.11506427    -0.20915272    -0.43839587   
   -0.2211681     -0.12616834     0.021295061  
   -0.24647131    -0.24003685    -0.68831792   
   -0.28886663    -0.068000569    0.081401476  
    0.0097515982  -0.085427055    0.17594817   
   -0.03269563    -0.0064124371  -0.33378765   
    0.041652231   -0.044141765    0.15825171   
   -0.012497367   -0.044624365   -0.16050411   
   -0.10188545    -0.28614901    -0.46263418   
   -0.11299286    -0.064825026   -0.48415056   
   -0.13035125    -0.25238341    -0.4551324    
    0.065654041   -0.10626611    -0.025911916  
   -0.019274818   -0.083978441    0.3597956    
   -0.071566604   -0.062728646    0.041356715  
   -0.12506516    -0.10094853    -0.38809206   
   -0.11592214    -0.13385301    -0.17011296   
   -0.061169692   -0.10789419    -0.14313197   
    0.023252611   -0.040960632    0.31613885   
   -0.06310272    -0.098936304   -0.30284678   
   -0.018121594   -0.12451257    -0.12797089   
    0.065341803   -0.0253689      0.45970856   
    0.023035381    0.022211709   -0.071054827  
   -0.095469951   -0.13679261    -0.29971292   
   -0.024208071   -0.087210182   -0.24320259   
   -0.11159917    -0.064043404   -0.40765188   
   -0.022806752   -0.11430439    -0.10093506   
   -0.062155137   -0.11160853    -0.064140354  
   -0.13268784    -0.068504066   -0.090408952  
   -0.081846296   -0.11390517    -0.1027068    
   -0.1185301     -0.073930693    0.036424911  
   -0.042367966   -0.075493517   -0.66882939   
   -0.10475548    -0.10516653     0.1113789    
   -0.11854513    -0.089478696   -0.068712395  
   -0.14658294    -0.11290578     0.30595275   
   -0.2985512     -0.16365774    -0.69840246   
   -0.087946972   -0.11071794     0.37635469   
   -0.036174054   -0.12649571     0.19946352   
   -0.0319054     -0.10904339    -0.56759284   
   -0.10170448    -0.11377819    -0.40129815   
   -0.09100155    -0.034960511   -0.41762778   
   -0.19817107    -0.017389814   -0.058071727  
   -0.17465929    -0.15447849    -0.31511624   
   -0.032803245    0.083897083    0.31579405   
    0.0035001917   0.018253284    0.15386826   
   -0.093495957    0.017975776    0.24461362   
   -0.15647236    -0.074119529   -0.36003242   
   -0.020760071   -0.07142871    -0.027310717  
   -0.017623367   -0.0048708413   0.32279433   
   -0.099272811   -0.086359728   -0.0033265647 
   -0.13481518    -0.15962309    -0.1617425    
   -0.018454136   -0.21594395     0.094746104  
   -0.075489225   -0.14755581    -0.36083358   
    0.048451384   -0.10301561     0.41771798   
   -0.17399617    -0.1299935     -0.50207823   
   -0.10097789    -0.022369953    0.11443311   
    0.04643369     0.027806083   -0.053884603  
   -0.023539651    0.010278545    0.45032191   
    0.039199717    0.0033202934   0.33150755   
   -0.033816026   -0.099633311    0.23370902   
   -0.075471608   -0.0079555954  -0.11633387   
   -0.10903992    -0.083950378   -0.1613207    
   -0.19535836    -0.076706387   -0.27868974   
   -0.18024882    -0.15106572    -0.5081366    
   -0.13453197    -0.028594469    0.056818171  
   -0.0049852101  -0.096799678   -0.15645491   
   -0.011606811   -0.051227151    0.028358807  
   -0.20439136    -0.10808831    -0.3198943    
   -0.14333047    -0.03133751    -0.19046041   
   -0.11396801    -0.051170618   -0.15785943   
   -0.21033472    -0.07710002    -0.20890027   
   -0.024439925   -0.21653357    -0.57673082   
   -0.14128712    -0.0042817185  -0.21827631   
   -0.078975549   -0.061163955    0.11234219   
   -0.036127484   -0.012482418   -0.18999127   
   -0.061227179   -0.0098922725  -0.39415562   
   -0.08351178    -0.093084676   -0.04557642   
   -0.083014174    0.053094627   -0.032461049  
   -0.15646275    -0.040858      -0.2757856    
   -0.21687134    -0.098651826    0.033235423  
   -0.1785109     -0.048244831   -0.16603664   
   -0.0087346939  -0.19831547     0.1116729    
   -0.047304665   -0.11195084    -0.22727464   
   -0.035953797   -0.042934671   -0.067836482  
   -0.063491232   -0.017348713   -0.19633148   
   -0.082527374   -0.11206116    -0.21139885   
   -0.12667582    -0.12106642    -0.022921098  
   -0.049931407    0.0019098312  -0.33553787   
   -0.1012187     -0.20992884    -0.45134943   
    0.022861421   -0.022524906   -0.47150475   
   -0.064043711   -0.17406543    -0.24972018   
   -0.037540761   -0.041681688    0.029647303  
    0.1208855      0.018133878    0.13971252   
   -0.019736268    0.0069462863  -0.071613548  
   -0.07213        0.072115826   -0.048049244  
   -0.052479968   -0.017270114   -0.20399416   
   -0.12579957    -0.068247332   -0.13787182   
   -0.11367243    -0.13523388     0.15952096   
   -0.15743563    -0.071217688   -0.18461434   
   -0.019066584   -0.062370911   -0.056367448  
   -0.033298067   -0.041032495   -0.23353986   
   -0.11728835    -0.080291741   -0.17271948   
   -0.20200331    -0.083805203   -0.47784737   
    0.012146534   -0.15204682    -0.23634453   
   -0.10871254    -0.22483828    -0.020721082  
   -0.052900779   -0.013750934    0.082780924  
   -0.16474947    -0.097524996    0.10419286   
   -0.095721273   -0.015818798   -0.1264254    
   -0.10021146    -0.058446752   -0.38688995   
   -0.073159428   -0.069463646   -0.36267929   
   -0.06846758    -0.074946834   -0.65655883   
   -0.098232479   -0.064743335   -0.3445529    
    0.023729995   -0.0089449266   0.13751729   
   -0.037075501   -0.090082856   -0.30453589   
   -0.063449317   -0.11998427    -0.47600673   
   -0.14245685    -0.036198755   -0.42987969   
   -0.14472568    -0.25543734    -0.018700137  
   -0.13087211    -0.19338216    -0.24511776   
   -0.064323971   -0.091094988   -0.092782153  
   -0.23245425    -0.13124052    -0.2515835    
   -0.20481177    -0.1388006     -0.25462907   
   -0.27288439    -0.10170178    -0.16150492   
   -0.18688409    -0.069716975    0.030218334  
   -0.011707809   -0.157         -0.3797432    
   -0.18740424    -0.0094593946  -0.19480464   
   -0.025829867   -0.11284233    -0.095196658  
   -0.028620647   -0.13334671    -0.53431817   
   -0.096375363   -0.09108503    -0.22486218   
   -0.17351519    -0.075607695    0.044922333  
   -0.20219202    -0.18229622    -0.73520453   
   -0.15476534    -0.20486213    -0.0734593    
   -0.0932079     -0.099901386   -0.44716392   
   -0.17964075    -0.034557408   -0.25405557   
   -0.19309487    -0.084074652   -0.020382783  
   -0.10472293    -0.096037758   -0.21935431   
   -0.10713453    -0.032858407   -0.062968861  
   -0.10095696    -0.11079726    -0.19384766   
   -0.067218872   -0.098413056    0.13520943   
    0.025722385   -0.043160932    0.052724962  
   -0.16123382    -0.20673525    -0.76024495   
   -0.15656233    -0.21086863    -0.39639146   
    0.019478509   -0.09616492    -0.1118381    
   -0.1862339     -0.13431828    -0.027332268  
    0.022309744    0.0094831493   0.34421442   
   -0.097524071   -0.077179319   -0.66814119   
   -0.18741503    -0.28544894    -0.68555      
   -0.079442508   -0.12364734    -0.028749442  
   -0.0035280658  -0.1055137      0.20870657   
   -0.22646808    -0.16662686    -0.24482478   
    0.0089178964  -0.084989575   -0.12306603   
    0.04193548    -0.1117498      0.5322787    
   -0.03102923    -0.17036237     0.17400794   
   -0.062310379   -0.1477036     -0.19168721   
   -0.17009011    -0.065334031   -0.24302464   
   -0.16194135    -0.083799897    0.072072323  
   -0.071340826   -0.15353105    -0.04122981   
   -0.017867225   -0.19388041    -0.15310226   
   -0.14144745     0.10253011    -0.49012919   
    0.0024526668  -0.059719248   -0.16791905   
   -0.071063174   -0.16327478    -0.45737441   
   -0.0091885441  -0.080770595    0.19749427   
   -0.085638815   -0.061746734   -0.19684784   
   -0.018324358   -0.10371307    -0.18722812   
   -0.083212306   -0.07086272    -0.18732189   
   -0.1800554     -0.24327862    -0.43455514   
   -0.093814451   -0.20042989    -0.14231875   
   -0.10344885    -0.045903244   -0.3596302    
   -0.06590601    -0.090400678    0.31629021   
   -0.059505126   -0.076668078   -0.2050107    
   -0.1146801     -0.14080439    -0.2145032    
   -0.032237171   -0.039461363    0.28989776   
   -0.10924796    -0.12402247    -0.34915351   
   -0.1159497     -0.14027051    -0.037115355  
   -0.083386179   -0.18570318    -0.017726821  
   -0.1134957     -0.15261088    -0.051519327  
   -0.085855745   -0.11113023    -0.55589676   
   -0.10200504    -0.192823      -0.16301497   
   -0.1488289     -0.14519619    -0.82258331   
   -0.014310244   -0.02630057     0.21154019   
   -0.11335253    -0.19173577    -0.48160158   
   -0.05478426    -0.1197617     -0.21025768   
   -0.18785511    -0.10911266    -0.77533947   
   -0.055307809   -0.027545614   -0.16548109   
   -0.12291674    -0.010964901    0.13388746   
   -0.1190053     -0.061201479    0.081260421  
   -0.13885502    -0.10810853    -0.28820648   
   -0.20806569    -0.11052152    -0.5613046    
   -0.079575822    0.029486717    0.00086610563
   -0.0053951173  -0.12985672     0.063015779  
   -0.24273211    -0.24339347    -0.51470031   
   -0.15018215    -0.033396001    0.12861734   
   -0.15739351    -0.080114277   -0.35361251   
   -0.056965126   -0.090054427   -0.066600758  
   -0.22118027    -0.10708234    -0.16219946   
   -0.11199261    -0.059251411    0.13694108   
   -0.14684791    -0.037430196   -0.53037936   
    0.027796174   -0.025663741    0.22100588   
   -0.075198103   -0.16123858    -0.24460793   
   -0.043791627    0.054923365    0.11476114   
   -0.14482826    -0.065280223    0.095789923  
   -0.0081206686  -0.056064445   -0.033186384  
    0.027583317   -0.091579172   -0.20886916   
   -0.07326907    -0.009827225    0.045643316  
   -0.13482359    -0.13296811     0.25349416   
   -0.12237691    -0.11889893    -0.28689452   
   -0.022435945   -0.068497162   -0.07838261   
   -0.13843708    -0.1642556     -0.23809962   
   -0.053943649   -0.18964756    -0.039072551  
   -0.16869129    -0.04819801    -0.20452298   
   -0.089331955    0.0010510394   0.1690235    
    0.00073814872  0.015229463    0.27322225   
   -0.13769828    -0.076427443   -0.37649062   
   -0.10843931    -0.018743562   -0.30636131   
   -0.12729549    -0.044862318   -0.08573909   
   -0.063769629   -0.043472274    0.17928464   
   -0.016877094   -0.17881621    -0.027939063  
   -0.10175269    -0.11131109    -0.22229416   
   -0.12067949    -0.14412097    -0.36932467   
   -0.1494164     -0.14762421    -0.71264417   
   -0.038336306   -0.061580724    0.20716183   
   -0.083998391   -0.019909328    0.13475869   
   -0.14102728    -0.03691646     0.17418287   
   -0.070921543   -0.11632474    -0.21385027   
   -0.18173588    -0.023876981   -0.44790836   
   -0.082830708   -0.13170505    -0.40354879   
   -0.10868467    -0.17424436    -0.54852534   
   -0.12515626     0.061704315    0.068041785  
   -0.050583571   -0.078010983   -0.054317914  
   -0.09119       -0.0073281977  -0.060037727  
   -0.082587915   -0.13557929     0.055887375  
   -0.01104165    -0.071352967    0.20041957   
   -0.070935429   -0.063910865    0.64721105   
   -0.043821293   -0.089075638    0.35330751   
   -0.096922597   -0.064796476    0.0060808561 
   -0.14259008    -0.052530438   -0.49793399   
   -0.079081853   -0.18828575    -0.019657694  
   -0.051066335   -0.1138267      0.34010445   
   -0.07037727    -0.052953874   -0.27268619   
   -0.023595086   -0.095335731    0.42088745   
   -0.079311282   -0.19610767    -0.057428127  
   -0.080411698   -0.088372337    0.033280877  
   -0.020842584   -0.012381599    0.089904023  
   -0.18348848    -0.02195611    -0.37792049   
   -0.090205969   -0.1406075     -0.31383111   
    0.057843942   -0.060492979   -0.15547329   
   -0.068865068   -0.15718193    -0.15487685   
   -0.13317834    -0.14944926    -0.36431536   
   -0.18251021    -0.079432278   -0.29595819   
   -0.094465306   -0.025223026   -0.17561655   
   -0.084632192   -0.081423905   -0.56113343   
   -0.083085027   -0.020519308   -0.36366477   
   -0.24687645    -0.18789416    -0.22801748   
   -0.070913944    0.025262285   -0.14500001   
   -0.1877865     -0.069229629   -0.19522036   
   -0.20613575    -0.076735234    0.10476451   
   -0.049962747   -0.013852894   -0.065837884  
   -0.13797618    -0.062316785   -0.20217732   
   -0.20677837    -0.14883407    -0.38495342   
   -0.14057504    -0.10668162     0.098971106  
   -0.085270504   -0.02749277    -0.33906687   
    0.030368424   -0.13078744    -0.44092036   
    0.024885288   -0.037648831    0.0061295513 
   -0.11052797    -0.053573506   -0.4070515    
   -0.090336702   -0.14141888     0.00044632301
   -0.013069361   -0.064360339    0.13683863   
   -0.12788871    -0.10114488    -0.08549338   
   -0.086754091   -0.10133168     0.0058500638 
    0.025801299   -0.09389854     0.19856192   
   -0.15000079    -0.22298952    -0.53545329   
   -0.0036996349  -0.0092609139  -0.12570914   
   -0.022982199   -0.0066001124   0.038017159  
   -0.047325988   -0.096138475   -0.13435419   
   -0.17568632    -0.20272693    -0.12256715   
   -0.13633924    -0.17420697    -0.037372042  
   -0.26528325    -0.072339171   -0.44784914   
   -0.20065993    -0.17470114    -0.4314347    
   -0.095355959   -0.15527533    -0.39715329   
   -0.080411235   -0.19345585    -0.45922493   
   -0.069779866   -0.052463476    0.18046236   
   -0.019432058   -0.095216521   -0.11644404   
    0.13052244     0.037266469    0.40341692   
   -0.056799801    0.00025527725 -0.031926143  
   -0.062690358   -0.070715374   -0.25700595   
    0.052602367    0.03482369    -0.72764041   
   -0.12669709    -0.062605227   -0.3829354    
   -0.11978378    -0.19237453    -0.36999907   
    0.032662764   -0.05685919     0.1384286    
   -0.12072797    -0.090999038   -0.45643311   
   -0.12586271    -0.10766706    -0.40262747   
   -0.14152242    -0.10917259    -0.46961126   
   -0.040798058   -0.015668797   -0.038189809  
   -0.03186706    -0.024671277   -0.07632767   
   -0.12310289    -0.21786591    -0.061508028  
    0.022542558   -0.053810078   -0.38269425   
   -0.11614252    -0.087305015    0.1068591    
    0.00084787448 -0.011233389    0.090031277  
    0.04542632    -0.107766      -0.27928526   
   -0.047687491   -0.16084467    -0.013402852  
   -0.1905068     -0.10752826    -0.10212616   
   -0.085336078    0.023066429    0.18457597   
   -0.11479916    -0.13116344    -0.59317515   
   -0.013624344   -0.065634471   -0.16900151   
   -0.11743679    -0.029742167   -0.15143134   
   -0.10556459    -0.14929098     0.26507824   
   -0.17725509    -0.066840148   -0.404968     
   -0.17163872    -0.25415405    -0.15044954   
   -0.1047417     -0.077181593   -0.47292258   
   -0.010402423   -0.10514223    -0.066118266  
   -0.12140924    -0.081479191   -0.42247874   
   -0.1927699     -0.098028808   -0.33628407   
   -0.16122862    -0.062271598   -0.2081171    
    0.016559239   -0.11354366    -0.24194844   
   -0.13207093    -0.22811162    -0.089854262  
   -0.2232133     -0.10079481    -0.25213711   
   -0.1782038     -0.18341689     0.065522085  
   -0.092972679    0.0090402782   0.018556439  
   -0.051698181   -0.0071137759  -0.044852122  
   -0.13979943    -0.040496749   -0.18176193   
   -0.18313539     0.038560777    0.14632456   
   -0.090847552   -0.064699557    0.19321041   
   -0.067424788   -0.17054121    -0.17669609   
   -0.014063618   -0.047493847    0.14322213   
   -0.12004367    -0.14729697    -0.29341804   
    0.056778025    0.057595307    0.44090425   
   -0.0083286303  -0.057140198   -0.15219214   
   -0.16243858    -0.12806216    -0.0063726052 
   -0.0370855     -0.2112147      0.027786473  
   -0.032334538   -0.099034902   -0.45669278   
   -0.12107053    -0.18011889    -0.31411014   
   -0.29889088    -0.10447132    -0.21014863   
   -0.011356482    0.021976153   -0.072689076  
   -0.035059791   -0.011660875   -0.24061387   
    0.021695457   -0.1636635     -0.61951796   
    0.0018796072  -0.057566759   -0.18297203   
   -0.050595504    0.0026739229  -0.42959154   
    0.03404628    -0.023000664   -0.00088515422
   -0.039919972   -0.070814202   -0.14945646   
   -0.15716688    -0.054192776   -0.34409167   
   -0.10852623    -0.18005986    -0.66028962   
   -0.10721537    -0.12784152    -0.28460619   
   -0.054221245   -0.10925888     0.096048653  
    0.037907938   -0.0093713987   0.0084177561 
   -0.0859076     -0.11336971    -0.27613815   
   -0.13615836    -0.060218597   -0.39438215   
   -0.18371528    -0.16505694    -0.4187398    
   -0.092848421   -0.10715114    -0.18343146   
   -0.19150874    -0.14888327    -0.93614328   
   -0.02005131    -0.083129206   -0.1130558    
   -0.01863439    -0.013373513   -0.21863245   
   -0.033709097   -0.19962858    -0.66171802   
   -0.14028028    -0.004044459    0.036078629  
   -0.22229547    -0.10478437     0.079737907  
   -0.1611987      0.030216944    0.12536963   
   -0.19967923    -0.087890185   -0.46740307   
   -0.044986452   -0.19660681    -0.31449678   
   -0.071509943   -0.013875471    0.14806586   
   -0.048289208    0.029139909   -0.2000689    
   -0.084325137   -0.15219713     0.28913017   
   -0.12804289    -0.095993438   -0.31813845   
    0.024411164    0.042668258    0.47887318   
   -0.13326255    -0.099491795   -0.10793491   
   -0.0331101      0.0059240155  -0.4029373    
   -0.13779893    -0.18869471    -0.41943517   
    0.15509193    -0.078361921    0.19595319   
   -0.16520678     0.050644097   -0.21778082   
    0.022746631    0.0013016476   0.025212963  
   -0.092225769   -0.1431099     -0.12918821   
   -0.081337611   -0.10269462    -0.57821049   
   -0.098826294   -0.13327715    -0.39452386   
    0.09749636     0.098459666    0.13949858   
   -0.10435425    -0.14914508    -0.38314163   
   -0.11534371    -0.15323817    -0.34093856   
   -0.050930448   -0.085872549   -0.10360744   
   -0.048561909   -0.03862021     0.0081970203 
   -0.17619499    -0.027873321   -0.14666155   
   -0.16240803    -0.031560216   -0.26620879   
   -0.12969605    -0.15962896    -0.32542614   
   -0.12830335    -0.14498261    -0.47966341   
   -0.1079668     -0.076080978   -0.068086211  
   -0.13336243    -0.14158026    -0.35718574   
   -0.024179506   -0.20453384     0.053196387  
   -0.1264891     -0.029984468   -0.044362727  
   -0.090569773   -0.1373653     -0.067918905  
    0.058200605   -0.022706582    0.25332258   
   -0.13831323    -0.15435064    -0.050914696  
   -0.14915654    -0.042990667    0.066766004  
    0.012095289    0.035761372    0.26636106   
   -0.028511727    0.048322653    0.082764068  
   -0.0091054749  -0.051909447   -0.30190506   
   -0.19575131    -0.13066166    -0.3706749    
   -0.27231864    -0.04063312    -0.39127437   
    0.039791449   -0.11164142     0.14852997   
   -0.083721838   -0.050329995   -0.18975539   
   -0.10567632    -0.097627302   -0.093937593  
   -0.079439388   -0.10886392    -0.013455934  
   -0.089103745   -0.14486901     0.23947289   
   -0.17687799    -0.1543305     -0.39025186   
   -0.07391188    -0.081572853    0.35947073   
   -0.18019899    -0.14624876    -0.50746041   
   -0.07536584    -0.0062679817   0.50343453   
   -0.0011030759  -0.069533722   -0.34044943   
   -0.30687244    -0.088971494   -0.54795063   
   -0.060832362   -0.023255682   -0.42656122   
    0.010697727   -0.065437791   -0.29293615   
   -0.18316517    -0.095053022   -0.62731431   
   -0.18358998    -0.19701736    -0.47482363   
   -0.032713805   -0.080769541   -0.38559369   
   -0.0065225525  -0.1780389      0.091536766  
   -0.085525218   -0.025933085    0.45312923   
   -0.046573399   -0.032218546   -0.28987445   
   -0.023634356   -0.076244428    0.21692647   
   -0.23737287    -0.11291308    -0.50908825   
    0.071914818    0.067801465   -0.14719884   
   -0.11215148    -0.14452088    -0.18967125   
   -0.083875084   -0.08137386    -0.19418866   
   -0.049303419   -0.027890156    0.071179254  
   -0.12161177    -0.11379036    -0.44246954   
   -0.065785617   -0.24695425    -0.16889306   
   -0.11783482    -0.042446556   -0.40342493   
   -0.0033498783  -0.016193722   -0.13860831   
    0.044923105    0.0083923027   0.01200549   
   -0.021814669   -0.063813925   -0.18895868   
   -0.063685429   -0.017392529    0.18620719   
   -0.013948169   -0.12787229    -0.1837789    
    0.00044691158 -0.14151735    -0.71815305   
   -0.15507146    -0.078413455   -0.28082301   
    0.023344349   -0.087989652    0.19085575   
   -0.13666029    -0.13803809    -0.25959563   
   -0.025037874   -0.062232762    0.092472138  
   -0.047564168    0.0011631951  -0.18443255   
   -0.22493752    -0.22260528    -0.40852128   
   -0.070101855   -0.094165214   -0.05600675   
   -0.1292445     -0.091622632   -0.39601481   
   -0.059634061   -0.14261114    -0.24940174   
   -0.17980149    -0.035884991    0.32768157   
   -0.14722145    -0.18213368    -0.50785248   
   -0.050283641   -0.07288147    -0.1985223    
    0.060686072   -0.1299493     -0.43863803   
   -0.062527914   -0.086520335   -0.044652062  
   -0.14310124    -0.11141424     0.020667841  
   -0.19006936    -0.12549599    -0.16070974   
   -0.11111151    -0.17286013     0.0035110668 
   -0.1579267     -0.16608023    -0.61178144   
   -0.066044247   -0.11565101    -0.024393921  
   -0.21295771    -0.1532024     -0.65550378   
   -0.067282654    0.027969022    0.10657069   
   -0.10812423    -0.073946135   -0.65380829   
   -0.1793902     -0.080147858    0.0058251218 
   -0.12926373    -0.15495558    -1.0025474    
   -0.12650877    -0.14751193    -0.2930357    
   -0.15196239    -0.236146      -0.27413459   
   -0.075130752    0.051041051    0.25027275   
   -0.03618619    -0.079477855    0.24805873   
    0.069276643   -0.082565827    0.0099512732 
   -0.11839215    -0.11946203     0.061169525  
   -0.0751455     -0.10979208     0.14792928   
   -0.14556498    -0.099301997   -0.17201189   
   -0.13914898    -0.09697377    -0.057093353  
   -0.050958813   -0.12062719    -0.098003243  
   -0.075077256   -0.025484787    0.045810528  
   -0.14418553    -0.071612766   -0.60823601   
   -0.038942019   -0.16725264    -0.15726391   
   -0.02641786    -0.12616187    -0.52995005   
   -0.062553705   -0.11990113     0.23976361   
   -0.061956682   -0.22529634    -0.22496939   
   -0.14902538    -0.034414677   -0.46531301   
   -0.078511891   -0.067302234   -0.05714407   
   -0.047174041   -0.10494249     0.041667096  
   -0.10781351    -0.092525448   -0.17173551   
   -0.088534806   -0.020142427   -0.39619703   
   -0.10530283    -0.10490879    -0.51496823   
   -0.12851397    -0.05659451     0.14946769   
   -0.11229851    -0.14270064    -0.35578958   
    0.044471294   -0.043872429   -0.089973941  
   -0.063132591   -0.10573965    -0.42880736   
    0.081683363   -0.045860375    0.10287492   
   -0.15648188    -0.15066954    -0.092323914  
   -0.12606745    -0.20113856    -0.57902428   
   -0.16800542    -0.065946768   -0.14996709   
   -0.14750001    -0.015979322   -0.026862421  
   -0.1533853     -0.019821203   -0.045046608  
   -0.093961914   -0.056988423   -0.40256724   
   -0.19643102    -0.23114304    -0.26498988   
   -0.11508702     0.045438861   -0.025665342  
   -0.081253982   -0.07014432    -0.1967092    
   -0.081007552   -0.18156305    -0.26822507   
   -0.11066098    -0.06026826    -0.37468873   
   -0.19624942    -0.046256958   -0.15103151   
   -0.079447909   -0.11678456    -0.31541958   
   -0.05118043    -0.1582265     -0.46869903   
   -0.14143963    -0.1082866      0.07180194   
   -0.049978971   -0.13838267    -0.24450079   
   -0.22235837    -0.17850745    -0.46114602   
   -0.083372081   -0.11930402    -0.11362737   
   -0.20528157    -0.17801216    -0.092703608  
   -0.20660182    -0.17553046    -0.18338118   
   -0.16307463    -0.07173357    -0.43078659   
   -0.070935602   -0.11900628    -0.046040779  
   -0.065295595   -0.10170508    -0.34870107   
   -0.0094952013  -0.045940272    0.021849221  
   -0.064219372   -0.11514202    -0.41958432   
   -0.045634909   -0.11362865    -0.60350118   
   -0.061082673   -0.1532815     -0.26875396   
   -0.035826579   -0.0073320961  -0.33270418   
   -0.01716908    -0.090823632   -0.0032136878 
   -0.10943623    -0.073876805    0.58533411   
    0.107252       0.031206829   -0.056992384  
   -0.044127503    0.023048809   -0.17982817   
   -0.13491938    -0.064757463   -0.44088094   
   -0.082129892   -0.17088097    -0.23847562   
    0.061631137   -0.032868371   -0.19395573   
    0.15606976     0.053801469    0.039182421  
   -0.14431121    -0.21722666    -0.61320121   
   -0.0054297807  -0.11328972    -0.027645794  
    0.025451063   -0.19529097    -0.32797274   
   -0.13722597    -0.016626615   -0.16487426   
   -0.1471384     -0.06482093    -0.39124468   
   -0.19526628     0.0094171093   0.46905867   
   -0.071492552   -0.11027752    -0.044062296  
   -0.14426202    -0.040187875   -0.017934744  
   -0.13981196    -0.19198719     0.36549866   
   -0.13169769    -0.11567171    -0.38913008   
   -0.12768096    -0.040136892    0.0095970739 
   -0.2039467     -0.1741652     -0.54740092   
   -0.11021071    -0.039107175   -0.14572708   
   -0.04255761    -0.072742996   -0.14671457   
   -0.036851766   -0.084774711   -0.24975048   
   -0.079145768   -0.13012732    -0.27477165   
   -0.15233677    -0.034938964   -0.16262745   
   -0.19078665    -0.11585248     0.100922     
    0.11472901    -0.033836972    0.28431558   
   -0.10521114    -0.022626494   -0.21004819   
   -0.23109941    -0.081228219   -0.37843642   
   -0.16330705    -0.05984891     0.19919949   
   -0.11129532    -0.12478352    -0.021547982  
   -0.10994524    -0.12564627     0.058376123  
    0.025550108   -0.094513544    0.072785708  
   -0.19260686    -0.20092679    -0.63312669   
   -0.13256622    -0.055457793    0.13603546   
   -0.15673741    -0.1106815     -0.19460344   
   -0.09421589    -0.088169955   -0.44615122   
   -0.046161378   -0.063073479   -0.35712047   
   -0.13003383    -0.084213603   -0.45158932   
   -0.068940759    0.1194773     -0.086417646  
   -0.010690759   -0.10926403    -0.30335149   
   -0.067709835   -0.0028599293  -0.50645221   
    0.007925159   -0.10837949     0.4269268    
   -0.091779943   -0.1335991     -0.023374905  
    0.046307971   -0.13984395     0.15056273   
   -0.10000911    -0.063273721    0.26615337   
    0.016763946   -0.10534464    -0.12172717   
   -0.085300919   -0.1951569     -0.5755022    
   -0.14656256    -0.26815461    -0.32166593   
   -0.058473616   -0.092962096   -0.32046082   
   -0.050511855   -0.02769872    -0.4328258    
   -0.22129704    -0.094930153   -0.089336589  
    0.046690075   -0.07747549     0.087461903  
   -0.16490165    -0.12140449    -0.6299966    
   -0.24423265    -0.082032938   -0.67014578   
   -0.1536962     -0.25453426    -0.77699153   
   -0.13810812    -0.20930207    -0.65317012   
   -0.2070493     -0.31219851    -0.53811953   
   -0.16004741    -0.12945794    -0.1861639    
   -0.031412459   -0.10385976    -0.088750144  
   -0.094653242    0.022557426   -0.30161001   
   -0.051852451   -0.01176783     0.22495031   
   -0.066019606    0.01767953     0.068969184  
   -0.0029992842  -0.12391471    -0.15103836   
    0.066266423   -0.0093945414   0.049859113  
   -0.026103766   -0.097777522   -0.093361953  
   -0.092709425   -0.098022392   -0.18006381   
   -0.10337719    -0.053600283   -0.16209908   
   -0.05741943    -0.14054128    -0.62983558   
   -0.11619006    -0.12553324     0.02450326   
   -0.026659184   -0.028115364    0.18758493   
   -0.10508123    -0.17038625    -0.099038826  
   -0.031592737   -0.036556226    0.90923551   
   -0.0025248979  -0.039351213   -0.035521666  
   -0.020376289   -0.076154815    0.11087351   
   -0.2776037     -0.090524573   -0.40771309   
   -0.053637002   -0.11387878    -0.041603846  
   -0.048522753   -0.077287222   -0.26165498   
   -0.094521565   -0.052152634    0.017649527  
   -0.11003382    -0.13958588     0.017604861  
   -0.045723407   -0.050415143   -0.18730059   
   -0.081718731   -0.16141933    -0.35387332   
   -0.17449871    -0.099705064   -0.55786664   
   -0.061225666   -0.11230882     0.32756367   
    0.0024725497  -0.098727946   -0.025903238  
   -0.10878987    -0.054276054    0.076594578  
   -0.049855658   -0.095167508   -0.85464227   
   -0.14360151    -0.11713289    -0.13549755   
   -0.1348523      0.023910248    0.16732307   
   -0.18835862    -0.12296666    -0.31868016   
   -0.090235879   -0.094293535    0.29644154   
   -0.19527729    -0.11550943     0.17547149   
   -0.058053801   -0.011662004    0.017395215  
   -0.084654973   -0.11334924    -0.18912664   
   -0.02738659    -0.079514971   -0.36904836   
   -0.043745831    0.031643863    0.33377282   
   -0.12634147    -0.099056837   -0.33785317   
   -0.026022456   -0.035853134   -0.23792874   
   -0.089274179   -0.084068499   -0.07995479   
   -0.18158269    -0.053041966   -0.21679379   
    0.019418963   -0.038780826    0.27086623   
   -0.049778376   -0.098360515    0.0093379384 
   -0.12264519    -0.030823143    0.33572618   
    0.058351797   -0.13600865    -0.08476412   
   -0.023299994   -0.035218163    0.14421038   
   -0.032226923   -0.078186444   -0.53925266   
   -0.15095616    -0.092568727   -0.2137616    
   -0.07008773    -0.13615149     0.25610115   
   -0.15158718    -0.21152548    -0.34285347   
   -0.011557067   -0.088379542    0.018708237  
   -0.19978007    -0.16167814    -0.66782876   
   -0.062392113   -0.02552723     0.23779987   
   -0.10880304    -0.037521286    0.11009788   
   -0.070779501   -0.070800541   -0.16199662   
   -0.041401985   -0.12617294    -0.017608546  
   -0.022054429   -0.11615102     0.15631223   
   -0.046907423   -0.066672274   -0.25718131   
   -0.073964328   -0.075950258   -0.31703255   
   -0.24232709    -0.20926618    -0.45170107   
   -0.14845032    -0.037837897   -0.18859219   
   -0.25008367    -0.23126502    -0.25536643   
   -0.014700015   -0.076451129   -0.35070219   
   -0.096078194   -0.077233362   -0.13598182   
   -0.27139862    -0.20584862    -0.49157882   
   -0.12018715    -0.063849105   -0.10303894   
   -0.13186125    -0.24176568    -0.021863942  
   -0.20395041    -0.20280779    -0.21373486   
   -0.19486808    -0.24218779    -0.42870865   
   -0.093807652   -0.061324447   -0.013232143  
   -0.24089592    -0.098307352   -0.44171007   
   -0.047674179   -0.11853015    -0.3910546    
    0.0031892463  -0.077016772    0.22641435   
   -0.092149451   -0.18511629    -0.25524593   
   -0.10016815     0.07089227    -0.018939922  
    0.0050778697   0.017828071    0.26205947   
   -0.062333121   -0.082091055   -0.014487616  
   -0.059682253   -0.012386653   -0.28660855   
   -0.081890859   -0.079333966   -0.095686922  
   -0.10373813    -0.14983828    -0.19208243   
    0.023227452   -0.091844696   -0.23185392   
   -0.14252225    -0.086821025   -0.29774482   
   -0.15971848    -0.092089976   -0.35643356   
   -0.12105313    -0.13143293    -0.54036623   
   -0.11224196    -0.15502626     0.39636172   
    0.013699085    0.0086947153  -0.27754824   
   -0.20679979    -0.064243179   -0.28101883   
   -0.034326443   -0.18345193     0.30166065   
   -0.23851562    -0.21287824    -0.17357135   
   -0.19938544    -0.023949531   -0.28008672   
   -0.057503803   -0.10875017     0.22145563   
   -0.027397357    0.046104111   -0.11401296   
   -0.026047369   -0.11697906    -0.096324724  
   -0.086504991   -0.096748977   -0.58024065   
    0.09382023    -0.046442776   -0.14745877   
   -0.022744897   -0.10531281    -0.012401933  
   -0.070785556   -0.095257535   -0.14572368   
   -0.16678008    -0.11962351    -0.003511075  
   -0.15504246    -0.13270964     0.025681063  
   -0.099608293   -0.13682253    -0.36183339   
   -0.057226424   -0.19140831    -0.12518446   
   -0.20523918    -0.069808168   -0.24029462   
   -0.1173005     -0.070448148    0.26584148   
   -0.18477313    -0.15787254    -0.5082175    
   -0.20549054    -0.016630982   -0.30676916   
   -0.10374919    -0.082218314    0.11124893   
   -0.13664517    -0.042984534    0.11121641   
   -0.10336524    -0.088247517   -0.36672897   
   -0.10080784    -0.11087134    -0.61128354   
   -0.15564985    -0.10598285    -0.20195617   
   -0.1723421     -0.18079208    -0.23784326   
   -0.02789288    -0.015212239    0.084300922  
   -0.22324779    -0.2476211     -0.52131599   
   -0.067124091   -0.12698766    -0.44317766   
   -0.15915331     0.042693595   -0.12445115   
   -0.14422847    -0.095887516    0.022310003  
   -0.077248298   -0.056051421   -0.41479516   
   -0.13921732    -0.041320373   -0.30208862   
   -0.13486848    -0.072029595   -0.84090021   
   -0.11435537     0.0119453      0.27856783   
    0.022119943    0.061284813    0.5899383    
   -0.023110276   -0.068193735   -0.077234371  
   -0.029872392    0.020025382    0.056620005  
   -0.12220285    -0.18933968     0.084626876  
   -0.15841522     0.048148462   -0.0030840513 
   -0.22032616    -0.1121538     -0.33846276   
   -0.05505017    -0.10230463    -0.47591555   
   -0.065736303    0.018622232    0.28785162   
   -0.18066471    -0.12849291    -0.4209856    
   -0.094165462   -0.052222688    0.05732897   
   -0.095748428    0.0015293136  -0.27021878   
   -0.1005338     -0.079072455    0.080721497  
   -0.056333242   -0.14451827    -0.040678252  
   -0.0066104368  -0.071846759   -0.2138092    
   -0.045421064   -0.10374394    -0.16741067   
   -0.1077497     -0.13720271    -0.6931048    
    0.014855685   -0.11056494     0.011066921  
   -0.10873496    -0.08411945    -0.047473133  
   -0.11931015    -0.00024737562 -0.62173902   
   -0.052910585   -0.18551515    -0.53034825   
   -0.14771882    -0.13378609    -0.34826153   
   -0.29626945    -0.067901694   -0.33480252   
   -0.15789028    -0.14101716    -0.55592239   
   -0.14383793    -0.031673578   -0.16522333   
   -0.16722142    -0.16179462    -0.3329876    
   -0.0731769     -0.059363843   -0.91323717   
    0.0010596228   0.022103787   -0.022158502  
   -0.017729052   -0.10338999    -0.42002295   
   -0.10319749    -0.093297368   -0.17420644   
   -0.1064786      0.067626923    0.010550115  
   -0.018023374   -0.0073640191  -0.12637935   
   -0.20588898    -0.020736538   -0.020226272  
   -0.018006021   -0.20341781    -0.18442253   
    0.086122774    0.11289608     0.24812047   
   -0.022931047    0.025426425   -0.26822803   
   -0.019409511   -0.063052284   -0.22709678   
   -0.057658945   -0.085140316    0.30505153   
   -0.087070787   -0.032714172   -0.098659851  
   -0.089834875   -0.1929589     -0.11542059   
   -0.069021373   -0.018901506   -0.16809394   
   -0.07281598    -0.0027256841   0.035246024  
   -0.02187564    -0.035185739   -0.24525319   
   -0.098860232   -0.13061916    -0.039407488  
    0.10475933     0.051888464   -0.14900919   
   -0.055407041   -0.020417634   -0.069307769  
   -0.072268821   -0.15617051    -0.17139126   
   -0.011439096   -0.032110509    0.11996451   
   -0.15020798    -0.16485838    -0.30318714   
   -0.10216387    -0.10428954    -0.10603808   
   -0.17558162    -0.18609716    -0.0041312376 
   -0.14131078    -0.16076519    -0.44839617   
   -0.052658444   -0.103687       0.28939587   
   -0.16151638    -0.17721016    -0.21266204   
   -0.1683816     -0.098960359   -0.0049677597 
   -0.048700731   -0.090907622   -0.035983331  
   -0.1183654     -0.15567159    -0.7217567    
   -0.07684403    -0.14496662    -0.33424129   
   -0.091153223    0.0076773068   0.010182288  
   -0.0025294011  -0.086852635   -0.13535665   
   -0.02367601    -0.08601529    -0.24638584   
   -0.069974389   -0.090377622    0.051452001  
   -0.092812866   -0.17027562    -0.20874763   
    0.0092149577  -0.0092148083   0.28862081   
   -0.019496017   -0.1350566     -0.30712211   
   -0.082583007   -0.04517806     0.36424023   
   -0.015065812   -0.070674464   -0.41669222   
   -0.099925923   -0.089195257   -0.13344113   
   -0.06588198    -0.069204169   -0.15861841   
   -0.00922528    -0.093262561    0.086756919  
   -0.13728746    -0.085761368   -0.29136021   
   -0.090010781   -0.013737367   -0.14029528   
   -0.19397407    -0.17513344    -0.23568483   
    0.062102628   -0.091086225   -0.27603183   
   -0.042615956    0.024820075    0.37795695   
   -0.16875611    -0.071247849    0.047069903  
   -0.016759424   -0.11895142    -0.13170363   
   -0.090987621    0.0151844      0.0010207625 
   -0.12321507    -0.19418755    -0.45238133   
    0.02796159    -0.035757377   -0.3271089    
   -0.071840564   -0.08993315    -0.15969599   
   -0.016735272   -0.027307939    0.0524718    
    0.069980272   -0.044924518    0.080493237  
   -0.076717218   -0.08522001     0.14385604   
   -0.22680895    -0.065844479    0.030947493  
   -0.32453202    -0.2024633     -0.53792691   
   -0.067321774   -0.13939274    -0.11703625   
   -0.078831505   -0.16055971     0.053296828  
   -0.031067987    0.026810703    0.25550586   
   -0.19913341    -0.28031375    -0.43104946   
   -0.15350906    -0.1986584     -0.3282409    
   -0.17967929    -0.16552853    -0.41704728   
    0.017402118   -0.18492126     0.013400896  
   -0.082461264   -0.077789294   -0.33453251   
   -0.15826932    -0.10631375     0.060437729  
   -0.027105283   -0.099023912    0.3155173    
   -0.076209692   -0.028065211   -0.52359731   
    0.056286953   -0.028694685    0.056012787  
   -0.047214447    0.013068678   -0.18620119   
    0.045662233   -0.082339911   -0.59354295   
    0.10516696    -0.065928811   -0.21322454   
   -0.077051642   -0.06589204    -0.14230746   
   -0.19789744    -0.055229734   -0.14566202   
   -0.18092443    -0.092764439   -0.20456942   
   -0.0131212     -0.12185611     0.26616186   
   -0.2265806     -0.14805048    -0.23956068   
   -0.061724715   -0.052146965   -0.62508842   
   -0.063351865   -0.10606584    -0.062093032  
   -0.038159056   -0.14276656     0.18680032   
   -0.051051535   -0.17361445    -0.29075545   
   -0.071855753   -0.074899726   -0.26415305   
   -0.012335896   -0.073600674   -0.18802014   
   -0.064518049    0.03065398    -0.1149122    
   -0.10315451    -0.18666461    -0.6439222    
   -0.14609002    -0.064333565   -0.46460645   
   -0.095698076   -0.10704962    -0.062870519  
    0.012177805   -0.042934798    0.034609776  
   -0.050155547   -0.10579538    -0.19730974   
   -0.1490076     -0.072065376   -0.29593628   
   -0.020192209    0.034607067   -0.032301498  
   -0.011541683   -0.026586154   -0.087067279  
   -0.03355989    -0.10809696     0.39079964   
    0.032622827   -0.052173536   -0.10617889   
   -0.11013036    -0.24510221    -0.61574837   
   -0.27860375    -0.15593266    -0.47055983   
   -0.04966991    -0.022954991   -0.20073681   
   -0.13062882    -0.1539938     -0.12018739   
   -0.076648092   -0.085504717   -0.42487986   
   -0.10618816    -0.10830049     0.071367118  
   -0.10017561    -0.017519633   -0.17312639   
   -0.093968775   -0.0023230795  -0.012059839  
   -0.11141914    -0.1268046     -0.52915952   
   -0.063029013   -0.042585137   -0.099565122  
   -0.0078429441  -0.20765735    -0.048088585  
   -0.17912815    -0.10256548    -0.62753813   
   -0.15538339    -0.089636241   -0.3020199    
   -0.13395857    -0.16449443    -0.55711732   
   -0.042777557   -0.072137605    0.067069718  
   -0.19329871    -0.15700483    -0.096308706  
   -0.047071861   -0.086095778   -0.36795336   
   -0.19100938    -0.056451949   -0.44320641   
   -0.16745424    -0.12876268    -0.10885084   
   -0.034558734   -0.076604331   -0.1288514    
   -0.20982357    -0.10908198    -0.46005197   
   -0.043606987   -0.020411906    0.17947218   
   -0.12615698    -0.15180733    -0.016500073  
   -0.12314537    -0.16461745    -0.090235375  
   -0.1405912     -0.13877476    -0.12177957   
   -0.028045437   -0.075501765    0.21546426   
   -0.16929116    -0.27839627    -0.54538181   
   -0.10680078    -0.16967165     0.13129973   
   -0.1648082     -0.10300106    -0.12979237   
   -0.090008662   -0.070094939    0.059115198  
   -0.049906872    0.048130444    0.12603545   
   -0.22860425    -0.10412658    -0.17874148   
   -0.025012014   -0.034642547    0.084880839  
   -0.077242212   -0.092161308   -0.59200168   
   -0.018197082   -0.13161585     0.17939397   
   -0.044060063   -0.15598133    -0.11317119   
   -0.039219458   -0.12848828    -0.34071317   
   -0.066244522   -0.071387685   -0.21578022   
   -0.16228103    -0.13955034    -0.1615493    
    0.025416297   -0.10399705    -0.39124481   
   -0.094176316   -0.030184232   -0.018277888  
   -0.11343205    -0.13159728    -0.1177579    
   -0.1039473     -0.15498502    -0.21059709   
   -0.12993235    -0.17444909    -0.099707366  
   -0.036314123   -0.051409969    0.1654215    
   -0.022663405   -0.035767812   -0.13099618   
   -0.049782138   -0.012557489    0.15924091   
   -0.12195638    -0.095421214    0.17154203   
   -0.08307011     0.017767328   -0.099468409  
    0.010244703   -0.15619886    -0.031484654  
   -0.18451075    -0.26603033     0.35372748   
   -0.085808998   -0.065933064   -0.067596221  
   -0.085751244   -0.14676318    -0.22523394   
   -0.096315042   -0.071341795   -0.24684986   
   -0.045286982   -0.039703262    0.089182206  
   -0.123645      -0.18706141    -0.13506904   
   -0.15837384    -0.11926374    -0.11442496   
   -0.095840712   -0.10041391    -0.19432039   
   -0.12379045    -0.12261195    -0.01119724   
   -0.0907594     -0.12329732    -0.4945156    
   -0.25337477    -0.18038311    -0.43246513   
   -0.10389427    -0.025606235   -0.30987501   
   -0.19783399    -0.04497392    -0.00048286766
   -0.087107193   -0.022829388   -0.3328324    
   -0.084873802   -0.16700262     0.52176081   
   -0.048845215   -0.081802185    0.38195233   
   -0.15802127    -0.14926307    -0.24054686   
   -0.075479576   -0.10023158     0.033688721  
   -0.05002822    -0.099658267   -0.02031132   
   -0.21247912    -0.12264857    -0.29588434   
   -0.10440604    -0.12235853    -0.28334784   
   -0.023232391   -0.063464916    0.080480546  
    0.088314707   -0.054229592    0.13320136   
   -0.20468976    -0.11211116    -0.20474912   
   -0.25745095    -0.055002458   -0.41277164   
   -0.083473006   -0.11456148    -0.15872573   
   -0.1640763     -0.088443123   -0.058483416  
   -0.030210026   -0.0703902      0.50293035   
   -0.088140915   -0.13308945    -0.1153473    
   -0.079609881   -0.15423366    -0.74087412   
   -0.04989423    -0.21041445    -0.37908177   
   -0.034447311   -0.13649487    -0.37345982   
   -0.034648827   -0.079559695   -0.27872831   
   -0.02070189    -0.18243754    -0.36231706   
   -0.070998823    0.014880095    0.25692241   
   -0.062014315    0.011764906    0.017128132  
   -0.20312966    -0.057240128    0.19189955   
   -0.10517607    -0.20092187    -0.28739114   
    0.10834708    -0.090732772    0.393087     
   -0.1890422     -0.10386431    -0.31992426   
   -0.067604356   -0.16076557    -0.58818584   
   -0.078502387   -0.071099336    0.0069750774 
   -0.16601015    -0.11242485    -0.64541631   
   -0.064147653    0.0094915439   0.061193322  
   -0.10697321    -0.23480194    -0.3648458    
    0.011569437   -0.15777686    -0.19670338   
   -0.069876731   -0.14402773     0.13308897   
   -0.064717601   -0.091031845   -0.24586641   
   -0.18594392    -0.077258612    0.18950175   
   -0.21181674    -0.144953      -0.035605178  
   -0.092989921   -0.074838676   -0.12482653   
   -0.1172719     -0.085521253   -0.18787055   
   -0.019113448   -0.038886932   -0.44088452   
   -0.24056298    -0.14786891    -0.62148471   
   -0.062756413   -0.089045687    0.027588181  
   -0.15619292    -0.032872743   -0.55826813   
   -0.075165632   -0.065190513   -0.25851007   
   -0.15988229    -0.11914474    -0.50500263   
    0.0044977638  -0.17553052     0.057286476  
   -0.088540889   -0.16831786     0.004339037  
   -0.047493811   -0.058647558   -0.40658478   
   -0.092586591    0.021361721   -0.051090889  
   -0.15478288    -0.16317102    -0.47412101   
   -0.13960375    -0.1218303     -0.49121169   
   -0.18098491    -0.14754906    -0.26965974   
   -0.062364485   -0.20598377    -0.3511393    
   -0.12416247    -0.071494078   -0.1902569    
   -0.031924259   -0.028600935   -0.13294016   
   -0.1560885     -0.14029134    -0.32778531   
    0.026192707   -0.10403985    -0.085903435  
   -0.15110661    -0.091649251   -0.15144587   
   -0.10687245    -0.22596293    -0.3368803    
   -0.072362981   -0.11822198    -0.44805031   
   -0.0075213632   0.019381092   -0.28829207   
   -0.027504274    0.012056997   -0.4726096    
   -0.073034043   -0.098558098   -0.11612654   
   -0.10758344    -0.13907076    -0.14671174   
   -0.21497089    -0.042814173   -0.017444232  
   -0.058660954   -0.18072604     0.0139562    
   -0.10602905    -0.05839592    -0.020234589  
   -0.10140017    -0.011007475   -0.12122283   
   -0.12571119    -0.18913356    -0.31473933   
   -0.16751161    -0.15841475    -0.51766405   
   -0.22529244    -0.15174337    -0.31540865   
   -0.13170471    -0.163734      -0.2567639    
   -0.016450256   -0.11379709    -0.54529527   
   -0.10938256    -0.097214537   -0.30399286   
   -0.12230121    -0.1274986     -0.14403363   
   -0.033965985   -0.11592617    -0.38298533   
   -0.10755953    -0.13418748    -0.60652627   
   -0.10788391    -0.10654544     0.14660265   
   -0.12053281    -0.066278328   -0.27562667   
   -0.078554731   -0.093514006   -0.35690247   
   -0.11777457    -0.11960827     0.077841225  
   -0.059153305   -0.062751148    0.26563043   
   -0.11786212    -0.06021129    -0.33610063   
   -0.023305711   -0.098955496   -0.67022549   
    0.053442717    0.030559181    0.23796819   
   -0.099815139   -0.12817122    -0.09112179   
   -0.12465084     0.048486754   -0.24895815   
   -0.24771927     0.0012457345  -0.06069074   
   -0.17993355    -0.065824965   -0.29751969   
   -0.053933886   -0.10322501    -0.11318373   
   -0.066490327   -0.092344224   -0.27726951   
   -0.11269385    -0.085956799    0.14873671   
   -0.077260804   -0.10401895    -0.074931751  
   -0.15172322    -0.017282856   -0.23524064   
   -0.13411355    -0.29096231    -0.80532172   
   -0.023400024   -0.087210973   -0.3054611    
   -0.14489818    -0.19484444    -0.67643781   
   -0.042324564   -0.0060476132  -0.23214632   
   -0.0021464674  -0.1163354      0.18040999   
   -0.049628199    0.042355577    0.16890804   
   -0.067299584   -0.07920529    -0.48090815   
   -0.093498345   -0.037018755   -0.10985669   
   -0.068245544    0.0018712822  -0.23839287   
   -0.11178509    -0.091118785   -0.11256028   
   -0.027949354   -0.056284097    0.027167843  
   -0.13771408    -0.11254205    -0.24202669   
   -0.13403297    -0.021790222   -0.052203956  
    0.078118872   -0.16743263    -0.30800721   
   -0.076044123   -0.078984049   -0.1268516    
    0.035398303   -0.080722843    0.17388347   
   -0.076068526   -0.068369446    0.02986927   
   -0.17734613     0.04648229    -0.10244136   
   -0.021310169   -0.065625152   -0.14349855   
   -0.17598755    -0.15163473    -0.249856     
   -0.079013968   -0.15449072    -0.37269812   
   -0.080702537    0.025464762    0.040682446  
   -0.082885318   -0.08324005     0.13506449   
   -0.06090267    -0.033641437    0.14467109   
   -0.19556699    -0.11526574    -0.052207538  
   -0.071453205   -0.046221296   -0.40302385   
   -0.07128934    -0.016024514    0.2036589    
    0.037397624   -0.050203054   -0.18998451   
   -0.034735045   -0.069474809    0.13887481   
   -0.011513786   -0.045170969   -0.0029929278 
   -0.10774288    -0.087969087   -0.065128278  
   -0.098541944    0.01001472    -0.070345543  
   -0.0099014826  -0.017027253    0.20341468   
   -0.063133253   -0.044775315   -0.46525644   
    0.0013984121  -0.10476936    -0.39152654   
   -0.11800107    -0.085297688   -0.0031211621 
   -0.14273994    -0.061118236   -0.070357881  
   -0.029422326   -0.10457147     0.063454441  
   -0.10497785    -0.092465695   -0.25224417   
   -0.052235271   -0.12118245     0.30336097   
   -0.11339708    -0.037643161    0.3123842    
   -0.11723046    -0.23903712    -0.42397217   
   -0.056436541   -0.072936069   -0.40428836   
   -0.060602882   -0.10365673    -0.12012667   
   -0.11824221    -0.11988253    -0.40564755   
   -0.043323541   -0.070572289   -0.1900623    
   -0.13755754    -0.1678596     -0.22739992   
   -0.12161168    -0.032058474    0.28031173   
   -0.0013437639  -0.13598527    -0.20329539   
   -0.19442403    -0.11973031    -0.13918157   
   -0.23049183    -0.10405737    -0.12946165   
   -0.074701142   -0.05611509     0.14084407   
   -0.020679305    0.0055228226   0.075110955  
   -0.082627988   -0.036239165   -0.46243165   
   -0.041456092    0.012551783    0.016566563  
   -0.021659546   -0.065097884   -0.21709147   
   -0.20687605    -0.17689063    -0.67478909   
   -0.12094669    -0.18144069    -0.11862221   
   -0.05589059    -0.15053645     0.34806679   
   -0.12015645    -0.029986474   -0.47553415   
   -0.15571309    -0.20787692    -0.57948885   
   -0.039986095   -0.15484777     0.28309974   
   -0.179717      -0.13467826    -0.1183115    
   -0.045451798   -0.092814452   -0.069633283  
   -0.14739211    -0.17713492    -0.1316096    
    0.093397945   -0.10300827    -0.32420692   
   -0.038824375   -0.066599986   -0.22738856   
   -0.14569188    -0.1565294     -0.44539291   
   -0.065444094   -0.087711832    0.1170802    
   -0.11482578    -0.19328712    -0.29381048   
   -0.057933478   -0.17897875    -0.66215531   
   -0.064200143    0.0022362037  -0.18696038   
   -0.0084334979   0.0016748436  -0.049472489  
   -0.1098648     -0.099247889   -0.066665298  
   -0.075533496   -0.12910944    -0.10277974   
   -0.089519053   -0.016345365   -0.20047948   
   -0.077278217   -0.026758619   -0.10847157   
   -0.21086952    -0.22804326    -0.19054427   
   -0.033965828   -0.03485095     0.28896951   
   -0.24991067    -0.089034945   -0.5856037    
   -0.10307844    -0.033027283   -0.030547107  
   -0.11959938     0.029009928    0.36578887   
   -0.17531265    -0.12493066     0.27010358   
   -0.19110066    -0.028588852   -0.21890715   
   -0.083774601   -0.09794913    -0.18398685   
   -0.087246929   -0.023490324   -0.23986061   
    0.040057667    0.00998688     0.13390851   
   -0.081380367   -0.025397099    0.28375383   
   -0.096690804   -0.057056857   -0.32557412   
   -0.11201891    -0.10753096    -0.010988841  
   -0.11002787    -0.05836317    -0.14961856   
   -0.18155378    -0.16076979    -0.39978838   
   -0.13822372    -0.10326885    -0.30016014   
   -0.011008474   -0.048460521   -0.48110552   
   -0.051226755   -0.094192763   -0.14257343   
   -0.05449637    -0.071854779   -0.18274575   
   -0.0065663032  -0.070750165    0.20227864   
   -0.053144117   -0.12030951    -0.11903604   
   -0.095642369   -0.13154349    -0.27693987   
   -0.24412554    -0.23908541    -0.6977749    
   -0.048722154    0.012577007   -0.027225407  
   -0.15367082    -0.10519527    -0.36290807   
   -0.09790164    -0.092029356    0.52386142   
    0.038242928   -0.02021516     0.22750079   
   -0.087586715   -0.15400374    -0.25749142   
   -0.19346118    -0.16845586    -0.48466016   
   -0.12591925    -0.14290749    -0.10189264   
   -0.031105266   -0.16424392    -0.81869361   
   -0.16855593    -0.046915491   -0.0046242869 
   -0.13528947    -0.10447996    -0.45696064   
   -0.0067721995   0.024174128    0.029481031  
   -0.20332592    -0.10060114    -0.29675736   
   -0.11307376    -0.034702187   -0.068746285  
   -0.12547796    -0.033575814    0.073043588  
   -0.11292049    -0.0081177361  -0.2286537    
   -0.081240771   -0.03365924    -0.27788699   
   -0.10605883    -0.06039558    -0.23101501   
   -0.14424699    -0.17809498    -0.24326977   
   -0.066465258   -0.28824603    -0.14412962   
   -0.020533685   -0.21949632    -0.43955503   
    0.088894241    0.018445642   -0.045828867  
   -0.18329813    -0.089694252   -0.0044595805 
   -0.069741758   -0.075578522   -0.16991843   
    0.0086768394  -0.010029037    0.32014202   
   -0.11903884    -0.084890121   -0.64295535   
   -0.045928252   -0.091513527   -0.14347715   
   -0.037016172   -0.094380352   -0.30291867   
