     -32.852628     -32.852628      0.0055029301 
                                            
     -6.5955155     -6.8926728     -0.079807044  
     -4.9244055     -5.2790276     -0.37921251   
     -3.021647      -3.6915989     -0.10815245   
     -1.7368118     -2.0348154     -0.082184155  
     -1.3928016     -1.7103531     -0.543668     
     -0.78705018    -0.92637276    -0.04091777   
      1.0264589      1.0665351     -0.10369823   
      2.5325815      2.5841701     -0.11981617   
      0.48972634     0.42555925    -0.35895678   
      0.41514186     0.46770268    -0.038438571  
      0.13224224     0.30072807     0.27229766   
     -0.10762777    -0.18069914    -0.42855524   
     -0.14515315    -0.13336852    -0.48045642   
      0.03677163     0.094053655   -0.25655547   
     -0.13323199    -0.004091851   -0.18352216   
     -0.036411069   -0.12643188    -0.33205614   
     -0.077001949   -0.024363492   -0.39372787   
     -0.029204219   -0.094764227   -0.12845442   
     -0.27258326    -0.1403684     -0.50673658   
      0.17266082     0.041187111    0.0014841136 
     -0.017847293   -0.049709101   -0.37105352   
     -0.1434896     -0.078552736   -0.54902064   
      0.04347479     0.010221      -0.095518916  
     -0.11613487     0.10303964    -0.68793339   
      0.12110416     0.022996154   -0.00067700402
      0.0034965054  -0.023390323   -0.054206603  
     -0.042551161    0.001369144   -0.46093318   
      0.058258782    0.0078414801   0.48104507   
     -0.11171487     0.051836145   -0.27258649   
      0.1980588      0.035998588    0.2606315    
      0.0095165682   0.16127664    -0.11208835   
      0.020412203   -0.048911044   -0.42619023   
      0.10616771     0.015741157   -0.54974246   
     -0.060039891   -0.093018295   -0.68891842   
      0.056343804    0.078735946   -0.32426882   
     -0.12795347     0.032078821    0.25315484   
      0.017594578   -0.053310256   -0.40375054   
      0.067154675    0.030828748   -0.03700241   
      0.1907902      0.023909903    0.22492294   
      0.049970834   -0.026202762   -0.34837609   
      0.060335922    0.022512302   -0.27098866   
     -0.016613304   -0.060425545   -0.45360779   
     -0.14071412    -0.032782193   -0.35897114   
     -0.0020623724  -0.03649316     0.085936951  
     -0.017414873   -0.10800826    -0.12179869   
     -0.11286766    -0.042566953    0.29719777   
      0.084830662    0.059799986   -0.4331271    
      0.0071335237  -0.0019957414  -0.063575935  
      0.039656154    0.026325502   -0.15988042   
      0.078865651    0.12697782     0.2678883    
     -0.0028917047  -0.089147192   -0.41059754   
      0.038636714    0.086431759   -0.10846829   
      0.042142453    0.047873578   -0.17872642   
      0.035073144   -0.093601549   -0.2266479    
      0.08760955     0.057813388    0.03212854   
      0.0046715045  -0.077517777   -0.61561585   
      0.045921918   -0.049033269    0.03976558   
      0.029020253   -0.05831009     0.25593995   
     -0.080165872    0.01035082     0.16198577   
     -0.080882565    0.043689323   -0.074050732  
     -0.0078104057  -0.032688008    0.15610542   
      0.011871527    0.11641064     0.33629382   
     -0.04518479    -0.15734291    -0.14251468   
     -0.098905422   -0.016310562   -0.61641846   
     -0.02016206     0.18511327    -0.071663786  
     -0.032339471    0.062411665   -0.13396693   
      0.032235154   -0.0053257987   0.5000494    
      0.0087545709  -0.073844609   -0.15700967   
      0.066714476   -0.075167024   -0.085038375  
      0.065967487    0.10790837    -0.046710626  
     -0.034666956    0.094425117    0.10027544   
      0.051514157    0.069202956    0.13253074   
     -0.1231294     -0.09836492    -0.1801163    
     -0.049471973   -0.2430133     -0.73958616   
     -0.0019683111  -0.027206416   -0.16308623   
     -0.01046226    -0.00052822765 -0.21030643   
     -0.017669113   -0.13289173     0.11916006   
     -0.032622135    0.018911119   -0.042968559  
      0.12463389     0.27410733    -0.23764245   
     -0.065329832    0.018362956   -0.58259276   
     -0.032977728   -0.010547295   -0.30813545   
     -0.058951244    0.066227025   -0.138712     
     -0.010192923    0.010452498   -0.23332575   
      0.017520961   -0.091376451    0.012433755  
     -0.021840541    0.018688435   -0.20795188   
      0.0029012457  -0.02739621    -0.2311796    
     -0.050256823   -0.10828496    -0.00062344734
     -0.17228471    -0.050909742   -0.32542009   
      0.053873781    0.06401401    -0.20170301   
     -0.04583921    -0.14704247    -0.50790849   
     -0.069896147   -0.097021779   -0.32896508   
     -0.069650619   -0.065059676   -0.40645746   
     -0.10967351    -0.17576762    -0.31286397   
      0.016196258   -0.00077928387  0.088246491  
     -0.069016284    0.072359407   -0.33087506   
      0.048856242    0.037971243   -0.2632147    
     -0.07874167     0.0011188629  -0.1586317    
      0.21524297     0.056253378   -0.2903753    
      0.11105454     0.04271796    -0.18603789   
      0.14029983     0.046721415    0.27283087   
     -0.018841103   -0.075090185   -0.48055041   
     -0.057837233    0.031487887   -0.55084116   
      0.06821785     0.095702928    0.44407872   
     -0.13159519    -0.11701452    -0.63538723   
     -0.030464216   -0.028868227   -0.45297744   
      0.083099365   -0.042196541   -0.10564617   
     -0.013219322   -0.056426118   -0.016765028  
      0.12965724    -0.035268778    0.2256133    
      0.018144247    0.069214817   -0.025981724  
      0.033739659   -0.1362067     -0.049940321  
      0.031430148    0.068817703    0.27300893   
     -0.099866011   -0.053342817   -0.46488789   
      0.092466114   -0.065301726   -0.46368503   
     -0.025656759    0.10840497    -0.043653725  
      0.0077472246  -0.15123674    -0.40059539   
      0.095046818   -0.080402358   -0.45506427   
      0.12684889     0.19159184     0.70663091   
      0.051809779    0.056899048    0.84764399   
     -0.034847293    0.080853895    0.06829939   
      0.027713117   -0.012212092   -0.20910958   
     -0.083446147   -0.11383322    -0.53038965   
     -0.073010729   -0.1499526     -0.45303557   
      0.0029730787  -0.08880567    -0.46001388   
      0.046699464   -0.067206327    0.051185581  
      0.067270573    0.15281393     0.019346765  
     -0.17908672     0.024120417   -0.031133775  
      0.018332921    0.13029337    -0.04072293   
      0.10167958     0.043839203   -0.029382593  
      0.068545313   -0.032989437   -0.39918355   
     -0.020061686   -0.025974133   -0.15930836   
     -0.03064353    -0.0029190771   0.092689891  
     -0.010361044    0.089315044   -0.22579057   
     -0.044488567   -0.095442141   -0.63536236   
      0.017750754    0.08648114    -0.188556     
      0.02254029     0.092065272   -0.28022136   
     -0.13564496     0.014413667   -0.68398095   
      0.049485098   -0.10113826    -0.38126334   
     -0.066596338   -0.040994535   -0.028641618  
      0.065646514    0.026016493   -0.55920159   
      0.038450445   -0.0021947904   0.020290149  
      0.018824497   -0.021259979   -0.099176967  
     -0.043710925   -0.047392995   -0.47604723   
     -0.10129333     0.01050119    -0.01612656   
      0.033704483    0.080474484    0.1261399    
      0.02452612     0.096798501    0.20703281   
      0.054632978    0.058967161    0.21149173   
     -0.046944295    0.036499193   -0.4553779    
     -0.0051224459   0.0011602861   0.066459396  
     -0.054705212    0.024051013   -0.65907913   
     -0.048705389    0.010102665    0.17034201   
     -0.044291245   -0.058254672   -0.44993762   
     -0.098168447   -0.090607186   -0.23307273   
      0.13060905    -0.069091575   -0.44358393   
      0.045831402   -0.062879441    0.0066056427 
     -0.01869748     0.031326899   -0.082108652  
      0.066144678   -0.054091023    0.051468507  
      0.052586378    0.012355984    0.068161116  
     -0.040869744    0.10819462    -0.012931914  
     -0.078349396    0.012689615   -0.27773099   
      0.10984831    -0.017559239   -0.57747977   
      0.01439152     0.00099712564 -0.25887236   
     -0.061731473   -0.10712075    -0.63791767   
     -0.0076998447   0.099909231   -0.010696836  
     -0.12940178     0.07941424     0.34834818   
      0.056732632   -0.013131957    0.35106186   
      0.05288169    -0.062356285    0.17946226   
     -0.1079301     -0.14048254    -0.19604884   
     -0.0081408473  -0.083551227   -0.3822291    
      0.042744274    0.091359741   -0.34513316   
     -0.0050261915   0.087402924   -0.01345035   
     -0.0019674258  -0.0040492166  -0.48915007   
     -0.072576472   -0.18995327    -0.39939516   
      0.057054299   -0.00168259    -0.27056274   
      0.086912551   -0.046661522   -0.39565438   
     -0.13213961    -0.0084095416  -0.45755568   
     -0.1410081      0.0676139      0.032708702  
     -0.10007748    -0.04204635    -0.23106197   
      0.042971023   -0.041514187   -0.86617011   
      0.085593085    0.042705882    0.35011969   
     -0.052487171   -0.034133566   -0.017237351  
      0.013758672    0.17353481     0.07333956   
      0.025643979    0.025997091   -0.081000742  
     -0.10803464    -0.11738297    -0.66975315   
      0.016163132   -0.021604442   -0.38642455   
     -0.12688214    -0.044019525   -0.055555752  
     -0.13332252    -0.12206773    -0.030760331  
      0.022787023   -0.096043146    0.062936333  
     -0.090834678    0.012109284   -0.20714111   
     -0.16529885    -0.13137858    -0.43853976   
     -0.031345215    0.018919636    0.20150221   
     -0.088227915   -0.068043153   -0.59263199   
      0.0062931639   0.0083520321  -0.22747045   
      0.14610237     0.0015839605   0.11340777   
     -0.055277683   -0.1076323     -0.18405808   
      0.065136111    0.040919889    0.14953994   
      0.10716482     0.065174981   -0.073280072  
      0.085156389   -0.037669503    0.037131579  
      0.078539537    0.048575456   -0.11830092   
      0.08688588     0.005801192   -0.12633066   
     -0.075835651   -0.070342485    0.072244301  
     -0.021805072   -0.0093860767   0.18590478   
     -0.05141451    -0.11799584    -0.40292737   
     -0.076020999   -0.035765545   -0.79084046   
     -0.063314072    0.0024668635  -0.39428844   
      0.02854178    -0.016767424    0.050416035  
     -0.15565191    -0.1148123     -0.46016282   
     -0.025934819   -0.046448021   -0.099790313  
     -0.0037136727   0.028176551   -0.15380205   
     -0.018743133   -0.05759644     0.29136766   
      0.069059019    0.050362629   -0.2733085    
     -0.081422231   -0.12589074    -0.055400494  
     -0.066794413   -0.05031253    -0.30157451   
      0.065976963    0.041184867    0.190998     
      0.0094108913  -0.063787308   -0.34690116   
     -0.021743782   -0.050436179   -0.45595435   
     -0.045052429    0.022426284   -0.24673188   
      0.019752385   -0.15614734    -0.46872095   
     -0.13880278     0.022743709   -0.1154194    
     -0.055433811    0.032578113   -0.42379109   
     -0.11886843     0.027314462   -0.18194854   
      0.039477178    0.044337331   -0.04318305   
      0.085892676   -0.18866988     0.30384573   
     -0.1190578      0.099933892   -0.024703265  
      0.017498062   -0.042263522   -0.087513287  
     -0.16514887    -0.13894996    -0.034039418  
     -0.055442117   -0.228961      -0.54693306   
     -0.061267959    0.036189052    0.19111719   
      0.073840431   -0.01515914    -0.39932517   
     -0.102466       0.0041171844  -0.67856398   
      0.016010072   -0.042724571   -0.52323391   
      0.077542141   -0.044182647    0.2137577    
     -0.028133445    0.13160783     0.049824716  
     -0.091876259   -0.0010488351  -0.17577522   
     -0.10967445    -0.03192606    -0.13404638   
      0.14265975     0.039108043    0.22117731   
      0.10100535     0.019828313    0.063367508  
      0.033319922    0.05409128    -0.046695969  
     -0.16334725    -0.088258499   -0.86940784   
     -0.05232658    -0.016256966   -0.056211658  
     -0.085355236   -0.068982566   -0.1316636    
     -0.045272241   -0.0032667082  -0.2568778    
      0.15457271     0.095676694    0.10321152   
     -0.024123647    0.065542691   -0.42697275   
     -0.088542693    0.044662015   -0.35975316   
      0.069565144    0.12028082     0.19592631   
      0.016305053    0.038565856   -0.11018501   
      0.0013547188  -0.03027067     0.19281467   
     -0.054951949   -0.063315272   -0.26849577   
     -0.095514355   -0.055441125   -0.025566662  
      0.038776854    0.039001092    0.30549623   
     -0.18566117    -0.11001065    -0.30515975   
     -0.018138742   -0.019938882   -0.35823138   
     -0.062740141   -0.016382717   -0.013043455  
     -0.25929068    -0.054911375   -0.70306232   
     -0.04369857    -0.068587931   -0.69871321   
     -0.10464125    -0.07861872    -0.40372174   
     -0.065550173    0.060204831   -0.0086965816 
     -0.022471929   -0.050600454    0.025060123  
     -0.081745532   -0.034512567   -0.20897458   
     -0.0081591236  -0.0084690557  -0.020638967  
      0.062789572   -0.020697804   -0.25034042   
     -0.01269241     0.024769027   -0.094898671  
      0.098656157    0.048254187   -0.085221596  
     -0.032550832    0.18320451     0.13319048   
      0.01708383     0.065675376    0.1599058    
      0.081016775    0.045768737   -0.10118486   
      0.074309204   -0.044871055    0.21188129   
     -0.1211642     -0.059274008   -0.45478379   
      0.0085775696  -0.12527309    -0.029063432  
     -0.1679463     -0.13226508    -0.096162757  
      0.12978306    -0.042623832   -0.057123606  
      0.12084938    -0.020950297    0.26952821   
     -0.039115008   -0.048699796   -0.33902298   
      0.055788195    0.067280015    0.23820348   
     -0.034953789    0.015241745   -0.14692616   
      0.11175272     0.093995828    0.37267824   
     -0.070319942   -0.124213      -0.4771718    
      0.0032530089  -0.07520695    -0.18048544   
      0.10640557     0.039422486    0.18859539   
      0.016062674   -0.0091518577  -0.02684647   
     -0.087289889   -0.069364908   -0.18086513   
      0.061187492    0.0045375721  -0.16201804   
     -0.072568723    0.057786652   -0.42012606   
      0.037533174   -0.0067170033  -0.096982444  
     -0.0084243157  -0.11017397     0.032969014  
      0.040811222    0.1524423     -0.24614146   
      0.15343314     0.00063106978  0.31241371   
      0.023236918   -0.0126679     -0.20106756   
      0.13956076     0.10876387     0.062141526  
     -0.2128126     -0.064420771   -0.46889228   
     -0.12962887    -0.043955347   -0.51257464   
      0.19735491     0.13490658     0.099923561  
     -0.073296625    0.036119944   -0.53563626   
     -0.056556711    0.034411555    0.11381401   
      0.023510431   -0.01325539     0.20863536   
      0.0010882837   0.0082104142  -0.32568993   
     -0.014979228   -0.10131533    -0.0013858644 
     -0.00066571013  0.10637841     0.030814024  
     -0.062106072   -0.0045169424  -0.32274967   
     -0.059574196   -0.12883096    -0.16656293   
      0.065459934    0.056330333   -0.0634066    
     -0.091503224    0.015227478   -0.32458192   
      0.14574975    -0.0453778      0.1165193    
     -0.076759413   -0.1259        -0.2097465    
     -0.088389178    0.12370561     0.39103885   
      0.028781602   -0.023900811    0.30667016   
     -0.073798103   -0.16136266    -0.61087384   
     -0.21910364    -0.19609958    -0.46394805   
     -0.16844689    -0.081265868   -0.060489272  
     -0.13725356    -0.063013794   -0.24885231   
      0.078835552    0.072107987    0.60164234   
     -0.0071466489   0.00018728564 -0.25533178   
     -0.074018256   -0.030900864    0.11124094   
     -0.12778286     7.8944467e-05 -0.49211347   
     -0.029500673    0.02925375     0.054440105  
     -0.057476046    0.021647489   -0.047322209  
     -0.0085920773   0.068116837    0.054299644  
     -0.046222948    0.12823626    -0.22030072   
      0.15781819     0.033561328    0.39068961   
      0.13262945    -0.019347806   -0.13472804   
      0.17836422     0.029225002    0.57433176   
      0.09642944     0.081615484    0.22125908   
      0.095012866    0.073828553    0.021137486  
      0.16831905     0.063064497    0.01408305   
      0.093810433    0.12461157    -0.24141191   
     -0.10437177    -0.17303297    -0.43166183   
     -0.0023473794   0.075452915   -0.15731215   
      0.054718525    0.040984232   -0.23234458   
      0.12144404     0.021330802   -0.22611396   
     -0.17966846    -0.12983554    -0.13546072   
      0.0052439496   0.020400464   -0.13419414   
     -0.054743795    0.045706105    0.13377573   
     -0.10724851    -0.019000034   -0.11518429   
     -0.033912729    0.012177451    0.038584329  
     -0.065015937   -0.059039805   -0.13060641   
     -0.014938561    0.033957511    0.10115621   
     -0.077940467    0.11614688     0.36465962   
     -0.01807831    -0.022016142   -0.10361844   
     -0.17548216     0.04169875    -0.11828618   
      0.03047539     0.026537417   -0.10265759   
     -0.044605071    0.088705039   -0.19636408   
      0.037446139    0.031029621   -0.64186436   
      0.060195667    0.019101596    0.049456778  
      0.0015931483   0.054242747   -0.41058161   
      0.02181933    -0.054421223   -0.26829849   
     -0.14298937    -0.067263355   -0.4093865    
     -0.18982535    -0.044616089    0.058694933  
     -0.013142696    0.15130418     0.19076183   
      0.18646435     0.063516249   -0.055276781  
      0.018567322    0.034886246    0.056544036  
     -0.091349002   -0.081982077   -0.14859102   
     -0.015086302   -0.032922065   -0.36996915   
     -0.11088794    -0.13670191    -0.81255853   
      0.061488153   -0.074960358   -0.26130459   
      0.082819152    0.0052141264   0.17943699   
     -0.0013031001  -0.070563832    0.32030008   
     -0.0448795     -0.076064057   -0.46710425   
      0.0048588892   0.042027549   -0.21156698   
     -0.16258183    -0.10148688    -0.55470945   
      0.020225628   -0.12812802     0.17436035   
     -0.13623648     0.029611914   -0.48038972   
      0.054511058    0.023884672   -0.01861541   
     -0.15103266    -0.087659925   -0.18433997   
     -0.21767298    -0.10438703    -0.40611827   
     -0.086819931    0.022899622   -0.35240079   
      0.039002448    0.064456952   -0.18459224   
      0.0015625112   0.014516925   -0.010085707  
      0.11571695     0.041164734    0.55606502   
     -0.066040922   -0.05327356    -0.3408923    
      0.11201242    -0.0032780938  -0.29453878   
     -0.002513045   -0.029115657   -0.3739293    
     -0.093199075    0.039661588    0.085140067  
      0.091995879    0.13532155     0.64607186   
      0.024118156   -0.097252194   -0.053454076  
     -0.10801289    -0.085952276    0.10147288   
     -0.049983654   -0.02880885    -0.64924433   
      0.078066587    0.086245585   -0.14215571   
     -0.12627453     0.053574464   -0.33839624   
     -0.11289371    -0.11599117    -0.53849576   
      0.059727979    0.055804883   -0.42036223   
      0.074773239   -0.051556892    0.12786026   
      0.0085456582  -0.052891417   -0.014044681  
     -0.062852282   -0.040036553   -0.0030414387 
     -0.060004951   -0.1085563     -0.41749844   
      0.026860272    0.017732741    0.2375157    
     -0.015656537    0.057133773    0.31022674   
     -0.12476625    -0.0049802833   0.0075340034 
     -0.066626054   -0.026852938    0.15276897   
     -0.038528674   -0.027652932    0.16883091   
      0.040030999    0.016441504   -0.077680571  
      0.094604397   -0.073870738    0.068829536  
     -0.16458725     0.075191249    0.061657607  
     -0.099103913   -0.045868782   -0.078519071  
      0.11283146    -0.014957868    0.16254232   
     -0.050284128   -0.058930032   -0.43895747   
      0.0044664774  -0.017283688   -0.53146143   
      0.03604356     0.018638819   -0.10376169   
     -0.13296471    -0.1032348     -0.30080054   
      0.039770544   -0.0021808406  -0.64318322   
     -0.037385821   -0.079500708   -0.52876066   
     -0.076036452    0.042147005    0.17126552   
     -0.035022296   -0.060582691   -0.1423325    
     -0.078762134   -0.15129398    -0.59323272   
      0.052590562   -0.037479379   -0.066722458  
     -0.11260199    -0.11717998    -0.11449154   
      0.19687713     0.11551732     0.68769655   
     -0.030530333   -0.079827899   -0.25740178   
     -0.025281364    0.20347728     0.24455766   
      0.091281718   -0.00045751787 -0.48065308   
     -0.143817       0.016324797   -0.16710377   
      0.044202749   -0.012018567    0.015488582  
      0.05839103    -0.012482718    0.022483169  
     -0.12022632     0.00043584084 -0.30637368   
     -0.044037093   -0.096663755   -0.14253091   
      0.011989876   -0.0024103082  -0.51126898   
      0.074006586    0.063226108    0.42259238   
      0.016540332   -0.079403824    0.025690644  
     -0.10055312     0.058842303   -0.44066559   
     -0.079723999   -0.068512832   -0.56876711   
     -0.011128937   -0.00025203345  0.30403943   
     -0.0039502168   0.12698778    -0.44035186   
     -0.043881976    0.15837541     0.084547056  
      0.040102522   -0.091312803   -0.22538038   
      0.075111615   -0.0089905556  -0.37042922   
      0.068334012    0.077818788   -0.17215168   
      0.026918162    0.098873403   -0.0074279578 
     -0.16905647     0.038106567    0.11496645   
     -0.07927064    -0.004132482   -0.088609137  
      0.02545773    -0.025289666    0.12747293   
      0.063905324   -0.089163454   -0.10217196   
     -0.082568717    0.0095857145   0.060167045  
     -0.10507851    -0.028065358   -0.18384591   
     -0.18399693    -0.096111299   -0.320983     
     -0.039562579   -0.097466772   -0.2973378    
     -0.0682517     -0.01036078    -0.22982586   
     -0.12214953     0.0044403827  -0.6685877    
     -0.025642697   -0.037982393   -0.34159567   
      0.015253094   -0.059206927    0.38754238   
     -0.076594802    0.066023047   -0.11125909   
     -0.089754932   -0.16424584    -0.43003451   
      0.050410251    0.054118196   -0.24998303   
     -0.11859691    -0.050621783   -0.34465068   
     -0.045189598    0.0071849243  -0.85855967   
     -0.026328301   -0.072500913   -0.065658031  
      0.064747427   -0.026132097   -0.0071987477 
      0.016505552    0.070641816   -0.51688565   
      0.02773498     0.084079976    0.20585167   
      0.036581835    0.0030879677   0.047800153  
     -0.081996233    0.0058757519  -0.11876659   
     -0.13892341     0.0056056598  -0.17637408   
     -0.027704685   -0.032636572    0.10074513   
     -0.02091172    -0.12400848    -0.3081086    
     -0.051702966   -0.00085323473  0.045844673  
     -0.034236648   -0.0194708      0.044892498  
     -0.18261317    -0.14242694    -0.19591412   
      0.19387423     0.12512938     0.53046996   
      0.042232253    0.02375222    -0.041989746  
     -0.21370966    -0.017879757   -0.016457145  
      0.09473721     0.0947741     -0.18495129   
     -0.16680889     0.018426962   -0.1755134    
      0.13652228     0.14687153    -0.0044593859 
      0.036101705    0.087752311   -0.29135018   
      0.11262939     0.096725486    0.22160342   
     -0.018459847    0.093786028   -0.042145135  
      0.00090877818  0.052402524   -0.059086259  
     -0.050464656   -0.044222383    0.25746879   
     -0.096431805   -0.0025846913  -0.13745706   
      0.074514321    0.039452167   -0.12064773   
     -0.003645992   -0.020248261    0.0013254357 
     -0.039073466   -0.085732634   -0.54783251   
      0.10468756     0.058857617   -0.35715353   
     -0.08536836     0.010532862   -0.27067054   
      0.048519826   -0.12389797    -0.28387715   
     -0.013207356   -0.13440305    -0.085815499  
     -0.025280238    0.017754814   -0.055413177  
      0.034566694   -0.22413661    -0.26869323   
      0.00097737485  0.054353654   -0.36606753   
     -0.072349726   -0.027570414   -0.27490473   
     -0.10654775     0.058005328   -0.051940207  
      0.035169998   -0.023623618   -0.49167269   
      0.11830172     0.090538021    0.010710505  
      0.011824718   -0.075672295    0.1197748    
      0.15019342    -0.040169589    0.073123531  
      0.025228683   -0.022798391    0.61171647   
     -0.14035652     0.043915058   -0.4419466    
     -0.030826541    0.042554438   -0.019865779  
      0.0098767856  -0.026921442    0.038541192  
     -0.0050071642   0.18169627     0.021706315  
      0.03662776     0.014324527   -0.13491832   
     -0.067609188   -0.10082008    -0.52231021   
      0.037130076    0.1090592     -0.28819757   
     -0.034112358   -0.13264284    -0.2613412    
     -0.05950761    -0.20272374    -0.060471733  
     -0.0096601638  -0.024799203   -0.43414661   
     -0.030726419    0.012159002   -0.088791317  
      0.042123272   -0.050353328    0.073727547  
     -0.046084433    0.063306859   -0.094616195  
      0.18815562     0.022997288   -0.068361275  
      0.11064098     0.13043201     0.24432343   
     -0.01601013     0.049594668   -0.67842854   
      0.052205364    0.056938318   -0.0005563996 
      0.01458472     0.047811473    0.11608694   
      0.011543087   -0.012906826   -0.10923979   
      0.048455014   -0.047495357    0.085053671  
      0.059651468    0.094789201   -0.46172696   
     -0.082842702   -0.090692791    0.14820743   
     -0.011733042    0.00047623458 -0.4800082    
      0.017873468   -0.029052802    0.43813562   
     -0.03792499     0.043724343    0.20538271   
     -0.19722882    -0.073945466   -0.61372725   
      0.16186529    -0.049097998    0.042817802  
     -0.10908346    -0.048471089   -0.37075032   
     -0.070403322    0.053884442    0.049153674  
     -0.0085261657  -0.0062658647   0.023983684  
      0.14534819     0.085258519    0.14077698   
     -0.07139369     0.02894552    -0.014031663  
      0.069206452   -0.11293872    -0.57974489   
     -0.20937039    -0.1019147     -0.43735391   
      0.086897911   -0.022309515   -0.073358069  
     -0.014900871    0.019465826   -0.12015669   
     -0.034630294    0.098084021   -0.030699339  
      0.072773797   -0.13040859    -0.017076616  
      0.049906265    0.033954415    0.24892748   
      0.017135543    0.028009204    0.35863273   
     -0.0078832568  -0.036649359    0.032876317  
      0.11366489     0.087670912    0.50766295   
      0.024668779   -0.034934451   -0.088924023  
      0.043576078    0.080537729   -0.017981614  
     -0.037010095   -0.10893754    -0.20983898   
      0.0044779376  -0.0019650198  -0.37371862   
      0.072171523    0.0043572919  -0.053708613  
     -0.094122562   -0.083191305    0.088249876  
     -0.051855988    0.047122696   -0.097404989  
      0.11678669     0.0058774153  -0.38526071   
      0.064250393   -0.044316859   -0.26917881   
     -0.082583812   -0.057781924   -0.41571494   
      0.054580787   -0.053023699   -0.51679604   
      0.030488428    0.099436397    0.18168104   
      0.021025287   -0.040653838   -0.29351278   
      0.14186081    -0.022086218    0.19702282   
     -0.014977975    0.026632793   -0.2000258    
      0.072839322   -0.0061037897  -0.53383491   
      0.0074832373  -0.21600986    -0.64050208   
     -0.070343552   -0.085619702   -0.2578479    
     -0.03516049    -0.20022828    -0.17047549   
      0.031462232    0.061174024    0.12549187   
     -0.0042369183   0.021455257    0.072133596  
     -0.16250219    -0.019980644   -0.54317199   
     -0.055126815   -0.021586436   -0.062992294  
     -0.056604206    0.015561583   -0.06530828   
     -0.045909055   -0.018538938   -0.37684845   
     -0.010520045    0.026651143   -0.37781849   
      0.012032517    0.06186918    -0.085603978  
     -0.084369804    0.045572171   -0.3563928    
     -0.01322018     0.043609578   -0.56055454   
      0.098255079    0.034081594    0.19085336   
      0.073362004    0.085135473    0.25780853   
     -0.14664743     0.0053328796  -0.23799111   
     -0.018553893    0.064468747   -0.10538205   
     -0.044957685   -0.14151323    -0.19665473   
     -0.068404732   -0.061634127   -0.46211326   
      0.0075797434   0.1100221      0.11002846   
     -0.019919392   -0.070019362   -0.17237187   
     -0.13892379    -0.11893762    -0.56587799   
      0.038955347    0.092213551    0.34849599   
     -0.015689771    0.025909037    0.067926299  
     -0.039048551   -0.16185902    -0.45764165   
      0.0085356059   0.0002126611   0.11061807   
      0.14648603     0.072660249   -0.24824675   
      0.11819745     0.020236       0.076028005  
     -0.26142876     0.017733835   -0.04548405   
     -0.045807518    0.1269073      0.27707162   
      0.089536297   -0.015302284   -0.19618021   
      0.064244976    0.024308709   -0.37502906   
     -0.13469614    -0.11337854    -0.29386122   
      0.13359456    -0.011109616   -0.13069587   
     -0.087430477   -0.047769659   -0.55216791   
     -0.0053782277   0.0023633832  -0.46516266   
      0.10054528    -0.034022869    0.023353293  
     -0.24976175     0.005707575   -0.16728479   
     -0.034029636    0.00068516726 -0.16263748   
      0.063826636    0.027655246   -0.050826815  
     -0.18206882    -0.014424515    0.1497954    
      0.010358114    0.0092260864  -0.12544638   
     -0.076093364   -0.043909298    0.067409246  
     -0.15171119     0.085119389   -0.20124099   
      0.022683251    0.067305896    0.17637841   
     -0.098912842   -0.034707062   -0.48063457   
     -0.036927945   -0.091721275   -0.31873109   
     -0.014740416    0.044171733    0.19415852   
      0.077061391    0.0025580396   0.008515373  
      0.041036506   -0.068559431    0.24510939   
     -0.097437142   -0.038504674   -0.0018744715 
     -0.095863187   -0.091611312   -0.5527651    
     -0.087085822   -0.1757235     -0.087957734  
      0.050093449   -0.059126705   -0.0980646    
     -0.071400162   -0.026113572    0.023931063  
      0.0083992368   0.03303709     0.0042148129 
     -0.045077185    0.034893392   -0.46130346   
      0.021012851   -0.009326933   -0.37168255   
      0.012725443   -0.1404387     -0.4600087    
     -0.066825473   -0.054024122   -0.20050007   
      0.043150952   -0.023301295   -0.17940881   
      0.099237248   -0.011399741   -0.7348728    
     -0.002461975   -0.00045062864 -0.094842141  
      0.012411408   -0.068317431   -0.22788492   
     -0.034743837   -0.0075392548  -0.015260125  
     -0.043596947   -0.012721537   -0.29030116   
     -0.032312829    0.061398981   -0.198304     
      0.09051463    -0.097267926   -0.38559758   
      0.029290688   -0.024239143    0.04888547   
      0.022565161   -0.010290101    0.16706436   
     -0.067136983   -0.10047717    -0.74945831   
     -0.026215783   -0.075140675    0.20048302   
      0.13963931     0.048596609   -0.12717826   
     -0.016256673   -0.076193354   -0.69412257   
     -0.036059301    0.14549849     0.25771813   
     -0.11281197     0.004979071   -0.20745461   
      0.0066000653   0.087595351    0.051005503  
     -0.1586098     -0.0064524073  -0.38402435   
      0.022822282   -0.02082413    -0.079703609  
      0.13500896    -0.11056058    -0.18969902   
     -0.22066205    -0.095543672   -0.01210469   
     -0.027708714   -0.04879484    -0.16551976   
     -0.042734014    0.0019178412  -0.044720027  
     -0.054586482    0.034797591   -0.20187045   
      0.028921224   -0.020775729   -0.22403414   
      0.038941193   -0.030306577   -0.042914575  
      0.051718012    0.012045884   -0.021934619  
     -0.054294169   -0.00045456862 -0.63956575   
     -0.090526277    0.063420569   -0.76454192   
     -0.012521065    0.030306873   -0.48329651   
      0.012988552   -0.016116257    0.23096576   
      0.034868343   -0.071435448   -0.30294678   
     -0.096435991   -0.047809784   -0.25400899   
     -0.034359803   -0.038295051   -0.2702434    
     -0.12282681     0.02538319     0.010401784  
      0.0091954944  -0.059340535   -0.22291302   
      0.16296016     0.0032744126  -0.1903226    
     -0.11091524     0.022185167   -0.21484354   
      0.065473697    0.011267934   -0.44400135   
     -0.14903037    -0.057198406   -0.28245518   
     -0.025726141   -0.038381584   -0.11141192   
     -0.092120602   -0.11280882    -0.17566306   
      0.0081741542  -0.087727438    0.31647541   
     -0.019911044   -0.030184241   -0.58815376   
      0.059876712    0.047995886    0.39449536   
      0.053144792    0.050339784    0.28632775   
     -0.040829448   -0.1013525     -0.52095995   
      0.055914637   -0.20737603    -0.23213615   
     -0.020257509    0.12335943    -0.0035069274 
     -0.074097782   -0.025424457   -0.64296522   
      0.068110968   -0.013885892   -0.092408258  
      0.056761438   -0.0084465087   0.20051943   
      0.003154114   -0.047353749   -0.0050890483 
      0.081249865   -0.00084141779 -0.12588352   
     -0.14693627    -0.02925349    -0.48062734   
      0.064520461    0.067231842    0.23974953   
     -0.11310941    -0.11911479    -0.33428175   
      0.026535842   -0.018317172   -0.10068279   
      0.021890921   -0.032782634   -0.34081371   
     -0.066427788    0.026318622    0.37183113   
     -0.03033483    -0.051590035   -0.1932136    
     -0.0018875069   0.072121007   -0.10901513   
      0.059572135    0.030879588   -0.16553361   
      0.062915545   -0.017309959   -0.071914856  
     -0.056326141   -0.17885049    -0.31972087   
      0.051315451   -0.026844267   -0.27740329   
     -0.026073175   -0.0032493344  -0.31945252   
      0.028992262    0.02868956     0.25737345   
      0.046134211   -0.036964233    0.02430948   
     -0.046752199   -0.023849965   -0.24371699   
     -0.065789727    0.046705765   -0.19076784   
     -0.10176282     0.026240455   -0.1035024    
     -0.029620251   -0.067660055   -0.090338205  
      0.015485949    0.039494682   -0.10997509   
      0.054735616   -0.063432412    0.0043951869 
      0.057209338   -0.0053488566   0.09908766   
      0.021215777    0.057366412   -0.057941385  
      0.097306121    0.012116397   -0.34583618   
     -0.13628632    -0.10048386     0.025836637  
     -0.083735573    0.018504661   -0.090882188  
      0.051272716   -0.03879495     0.24078472   
      0.045802633   -0.0039931571   0.11385809   
     -0.078818258   -0.050582866    0.20437552   
     -0.055424587   -0.096763393   -0.17853923   
     -0.15191355    -0.005988641   -0.51780073   
     -0.075331869   -0.11549448    -0.63893118   
     -0.17025406    -0.24297407    -0.27837633   
      0.0092524896  -0.11813285    -0.36526445   
     -0.036292774    0.0086818759   0.064923368  
      0.16157105     0.13591226    -0.080881869  
     -0.0086367177  -0.066228991   -0.47112129   
      0.03908865     0.0063102781  -0.17402507   
     -0.037411652   -0.1266258     -0.45226391   
      0.056794504   -0.064660952   -0.025380427  
      0.046575945   -0.025646229   -0.57998341   
      0.068233544   -0.034226875   -0.08261826   
      0.00099686275 -0.083439405   -0.39452942   
      0.016262854   -0.10504636    -0.42083467   
     -0.0072076644   0.019161058    0.071968687  
      0.012484381   -0.035897372   -0.11505064   
     -0.086715087   -0.073768897   -0.30232613   
      0.057534441    0.051465779    0.51733927   
      0.0033755893   0.024781219   -0.17841174   
     -0.018619138    0.17258994    -0.22548072   
     -0.12724529     0.069072805   -0.3457298    
     -0.056809083    0.042773539   -0.048990177  
     -0.034811012   -0.071853941    0.097283904  
     -0.12599467    -0.0095396436  -0.54375057   
     -0.12040609     0.0092972696  -0.26082611   
     -0.082595342   -0.03239881    -0.031314983  
     -0.059267515    0.011743234   -0.029389929  
     -0.14434185    -0.079316614   -0.57648312   
      0.0011904155  -0.0093776877  -0.3251191    
      0.015849011   -0.019009949   -0.043474871  
     -0.017742372    0.1020465     -0.12851338   
      0.085618722    0.010042376    0.39522374   
     -0.049510165    0.15879097     0.18689848   
     -0.12680476    -0.080643007   -0.36655407   
      0.024507164   -0.10722409    -0.43262503   
     -0.049204385   -0.019181064   -0.12925956   
     -0.063237209   -0.058904585   -0.43631776   
      0.0076038125  -0.11611377    -0.52339987   
     -0.026582101   -0.085049216   -0.02378373   
      0.20329032     0.14682965     0.035810478  
     -0.031528558   -0.0086312168  -0.30596191   
      0.018917737    0.10570097    -0.21397639   
     -0.070240826    0.013297254   -0.51886672   
      0.11818114     0.06362005    -0.23481409   
      0.059811715    0.040632067    0.1500854    
      0.017502913   -0.094760404   -0.25021296   
      0.040740189    0.0072530345   0.02473951   
      0.090486908    0.048180465    0.2819648    
     -0.13088207    -0.030236545   -0.45377598   
     -0.060375636   -0.052197307   -0.12003883   
     -0.11680521    -0.093343605    0.15421595   
      0.029201548   -0.025795686   -0.28952624   
     -0.19539989    -0.066605907   -0.12122836   
      0.09469282     0.11271848     0.0029172112 
     -0.033641219   -0.13387224    -0.33719149   
     -0.019068105    0.07538201    -0.062424019  
     -0.023696398    0.0037912411  -0.27453435   
     -0.11711166     0.068379651   -0.36622033   
      0.060974596    0.04059746    -0.01574609   
      0.008149389    0.0021442523  -0.18384797   
     -0.004039598   -0.12397724    -0.013486959  
      0.007951745    0.093684348   -0.42561691   
     -0.21010484     0.038953508   -0.23528545   
     -0.12884191    -0.11545131     0.013949242  
     -0.16139091     0.075187845   -0.70907615   
     -0.13354962    -0.039191831   -0.50320814   
      0.02417748     0.039201874    0.092120171  
     -0.078633306   -0.048610912   -0.089842129  
      0.040583272    0.0021895782   0.060650841  
     -0.014709676   -0.056810268    0.28818477   
     -0.065318733    0.03009054    -0.46111184   
     -0.14118573    -0.11404747    -0.55554044   
     -0.054109161   -0.023041305   -0.30864035   
     -0.18074584    -0.13457531    -0.46679291   
     -0.17618138    -0.067566227   -0.4057913    
     -0.15719433     0.052566371   -0.036648477  
     -0.085025487   -0.096429877   -0.051852726  
     -0.0034071231  -0.057549643    0.19693167   
      0.048975424    0.071163443    0.17668644   
      0.12008924     0.047183866   -0.039980244  
     -0.079063694   -0.034003604   -0.26293392   
     -0.083615737   -0.0078561209  -0.12004875   
      0.072668162    0.075460331   -0.27460129   
     -0.0012792      0.043038819    0.51519994   
      0.10118621     0.0071573212   0.16340723   
      0.058601468    0.19092438     0.44364498   
      0.0059349725  -0.009116357   -0.074128241  
     -0.06265781     0.016052393   -0.38796738   
      0.1261307     -0.027650022    0.30860764   
     -0.0079394496   0.053246213    0.26975109   
     -0.01537195    -0.055068322   -0.052742109  
      0.11967793    -0.025765491    0.35509281   
     -0.045428404    0.0094338975  -0.0064436366 
     -0.05850371     0.041245631   -0.18391017   
     -0.077819677   -0.052000127   -0.40016967   
      0.040050938   -0.04749187    -0.33649959   
     -0.12305439     0.02700251    -0.31129764   
     -0.091710249   -0.015704704   -0.51353812   
     -0.076587372    0.023187638    0.13249195   
     -0.02510469     0.0088347449   0.010610722  
      0.10507497    -0.081477637   -0.25403678   
     -0.015274257    0.11288266    -0.26036914   
      0.045464683   -0.022166386   -0.25442628   
      0.015196906    0.020568866   -0.12940448   
      0.096093527   -0.025942449    0.084348754  
     -0.063704218    0.0139077     -0.2099053    
      0.052180711    3.9202059e-05 -0.037436208  
      0.01741112     0.049528936   -0.50038771   
     -0.010165587    0.011697735   -0.41046365   
     -0.086136972    0.086399985   -0.15864379   
     -0.0093590973  -0.059267268   -0.40790983   
     -0.11389798     0.11456938    -0.24379111   
     -0.19289883    -0.14114441    -0.41252395   
      0.019690364    0.079862202   -0.34076838   
     -0.096369996   -0.12217828    -0.17859835   
     -0.059744772   -0.0087720544  -0.21458143   
     -0.03028847    -0.002201663    0.10600222   
     -0.098159014   -0.074050446   -0.7870376    
      0.033249201   -0.03611186    -0.12219253   
     -0.018397153   -0.10889298    -0.21065089   
      0.052247526   -0.018291522   -0.1325516    
     -0.008497621    0.15214082    -0.59259527   
     -0.0025323445   0.057005693   -0.22094864   
     -0.15600534    -0.061970015   -0.62474603   
     -0.0011505384  -0.064732254   -0.25942557   
     -0.11834169     0.13779847    -0.018415752  
     -0.12589077    -0.06358918    -0.2277773    
     -0.032928618   -0.040266581   -0.35938103   
     -0.075932411   -0.032270882   -0.65736224   
      0.073254069    0.016542981   -0.10243185   
     -0.0016014198  -0.10419079    -0.22276996   
      0.015914779    0.062927059   -0.072156185  
      0.070356466    0.015887211   -0.2174326    
     -0.2148051     -0.006350872   -0.21898493   
      0.093282363   -0.021353235    0.24098801   
     -0.051401246   -0.020918022    0.22471813   
      0.073015374   -0.060295111   -0.234446     
     -0.083065255   -0.13737942    -0.16374073   
      0.139753       0.10623785     0.14472331   
      0.064581995    0.087261979   -0.063904508  
     -0.060830814    0.056344765    0.014522403  
     -0.024325795    0.083217386   -0.45867868   
      0.056765755   -0.026283846   -0.019167013  
     -0.1374549      0.031424499   -0.18911278   
     -0.20511918    -0.039701981   -0.21213449   
      0.15169581     0.079554336   -0.11351565   
      0.012397356   -0.012094172   -0.010291869  
     -0.059354186   -0.032207804   -0.28686189   
      0.060162101    0.025553848    0.17125352   
     -0.02510556    -0.083088181   -0.3778612    
     -0.08919933    -0.072861409   -0.5381397    
     -0.19358378    -0.034112225   -0.40342498   
     -0.11402727    -0.044870963   -0.11745651   
     -0.0089145278   0.011854663   -0.30691396   
      0.034243218   -0.13566971    -0.11644674   
      0.15656509     0.041538226    0.11553774   
     -0.014968696   -0.13042912    -0.4944062    
     -0.031684075    0.011251669   -0.037634791  
     -0.011534407   -0.031725371   -0.12096094   
     -0.025844507    0.0039549989  -0.14616733   
     -0.096564208   -0.024076826   -0.025497302  
     -0.0035668479  -0.1432323     -0.59117883   
     -0.00093005639 -0.024380299    0.022051733  
     -0.12683396    -0.067298567   -0.49171383   
      0.093353347    0.055041565    0.41774353   
      0.019503521   -0.05762978    -0.11462962   
      0.025768891   -0.049407339   -0.13630791   
     -0.02440003    -0.068124353   -0.24439224   
      0.13071485     0.059752381    0.31651742   
      0.097244942    0.015868886    0.35392383   
      0.041874774   -0.012795332    0.26711539   
      0.011737536    0.032846298   -0.077532689  
      0.090864015   -0.041977252   -0.29868287   
     -0.070949005   -0.074194431    0.077042708  
      0.016192112   -0.0029000008  -0.39442941   
      0.021536773   -0.028083      -0.034696196  
     -0.052767909    0.038771658    0.089963003  
     -0.20236237    -0.10870898    -0.37552622   
     -0.1335143     -0.16579643    -0.44727726   
     -0.07585347     0.0074604433  -0.1156748    
      0.07329024     0.019552553    0.041634197  
     -0.016549763   -0.01885532     0.0033661743 
      0.01221381    -0.029875842   -0.12519633   
     -0.031514383   -0.0035040229  -0.23835431   
     -0.088899312   -0.093370337   -0.14522949   
      0.12847149    -0.032470801    0.15462293   
     -0.11524473    -0.10005211    -0.3441857    
     -0.10753583    -0.074747354   -0.16431135   
     -0.1656489     -0.019143345   -0.17917883   
      0.067584338    0.059139935   -0.14596918   
      0.087338234   -0.033811836   -0.084711252  
     -0.1079313     -0.062262611   -0.1924375    
      0.04480803    -0.060691222   -0.16060703   
      0.018341921   -0.040145663   -0.21279961   
     -0.0090102869  -0.047154209   -0.31781735   
      0.057021249    0.13059417    -0.15316605   
     -0.031421521   -0.024377735   -0.14164658   
      0.062513103    0.078024476   -0.20836981   
     -0.041571911   -0.038837423   -0.20843932   
     -0.13579563     0.0084912916  -0.34634672   
     -0.050587491   -0.05776715    -0.37087962   
      0.063079935    0.054088729    0.46076851   
     -0.089482731   -0.058239734   -0.28654837   
     -0.014241118    0.030702499   -0.32785064   
      0.0089370275  -0.083206921    0.057206099  
      0.038917121   -0.046327875    0.32639317   
      0.051186896    0.020622746   -0.32435031   
     -0.10966421    -0.0099797401  -0.51897868   
      0.070579306    0.14889023    -0.021378372  
     -0.03787817    -0.087349589   -0.72502215   
      0.071423905    0.14190024    -0.33880153   
     -0.19419343    -0.12296044    -0.36033173   
     -0.053534501   -0.099384713   -0.28612882   
     -0.00052949532 -0.0090876685  -0.09325777   
     -0.03185728    -0.01265753    -0.40746859   
     -0.0074936999   0.022155923    0.23111252   
      0.022433621    0.10995961     0.13226257   
     -0.26318605    -0.047920928   -0.23519574   
     -0.027920451   -0.022805586   -0.30611037   
     -0.039745662   -0.070238981   -0.34468285   
     -0.080764496   -0.066824434   -0.40641556   
      0.037520978    0.0831253      0.41598472   
     -0.058784043    0.049735765   -0.10691447   
      0.10349545     0.010413758    0.30049605   
      0.032158997   -0.078272681   -0.27295722   
     -0.042791181   -0.033256283   -0.35302543   
     -0.031834694    0.0024421766  -0.022978224  
      0.09903704     0.12216042    -0.10780501   
     -0.055928613    0.072625381   -0.31752079   
      0.086083742   -0.039437491    0.21857335   
     -0.020507796    0.016868642    0.050551097  
      0.052847629   -0.12960549    -0.21376151   
     -0.09511818    -0.062190252   -0.030412942  
     -0.068754134   -0.01756442    -0.34504781   
     -0.060401936   -0.1202383     -0.38616098   
      0.033759574    0.03326838    -0.0073631525 
      0.071926709   -0.034855955    0.22308114   
     -0.15780622    -0.14717165    -0.56679637   
     -0.092139879   -0.039548372    0.1622915    
     -0.25344136    -0.14367358    -0.57086599   
      0.062056182   -0.012144955   -0.67102469   
     -0.096326681    0.036011508    0.032233181  
     -0.15126726     0.049573142    0.0080066759 
      0.16859935     0.063367817   -0.20501976   
     -0.017017502    0.13504919    -0.20396474   
      0.020139159    0.09063496     0.28749192   
      0.17756744     0.13225288     0.12446292   
     -0.13463595    -0.066030988   -0.19826714   
      0.074262995    0.050449038   -0.14617247   
     -0.085693205   -0.045874973   -0.008631544  
     -0.004612277    0.028495534   -0.34949935   
      0.06153526     0.1795766      0.4977984    
     -0.094163408   -0.018412148   -0.15662749   
      0.061536663   -0.0066396694   0.034161278  
     -0.03796464     0.059136685   -0.11192503   
      0.04582958    -0.13747993    -0.08112744   
      0.090794397    0.052865826    0.29957729   
      0.10259739    -0.040365866    0.39084958   
     -0.15654285    -0.080905222   -0.62458291   
      0.094313561   -0.11678752    -0.025723696  
     -0.074147707   -0.12483084    -0.80563107   
     -0.018722261   -0.055307092   -0.44239827   
      0.28460816     0.1131411      0.30875951   
     -0.08311923     0.021059868   -0.12299911   
      0.056433035   -0.050679684   -0.075227838  
      0.024131173   -0.080407467   -0.035362972  
     -0.032148488   -0.054424946   -0.34916696   
     -0.035414723   -0.00028842816  0.054577743  
      0.041817484   -0.10862485    -0.10389418   
     -0.11565379     0.0047145158  -0.36756733   
      0.028554292    0.063982013   -0.20879317   
     -0.14845072    -0.00078845781  0.22815438   
      0.023732954    0.013979242   -0.21554257   
     -0.069726422   -0.00013967443 -0.074337286  
     -0.15546857     0.059042514   -0.13648749   
      0.051500234   -0.050624892   -0.034838008  
      0.0070234492   0.026232211   -0.26948327   
      0.14377302     0.15900221     0.18815144   
      0.088569063   -0.086059095   -0.2949567    
      0.079897373   -0.0018482344  -0.20822105   
     -0.051726939   -0.0064348547   0.036790303  
     -0.0084222275  -0.018836217   -0.096845705  
      0.065394475    0.0850984     -0.17024278   
     -0.099747156    0.06096343     0.026951593  
     -0.036326707    0.023822869    0.015539879  
     -0.11549183     0.028967648   -0.20545044   
     -0.043529559   -0.0136489      0.077151769  
      0.0049705573  -0.0028919127  -0.56857874   
      0.0017814299  -0.031056747    0.2204435    
     -0.046403157    0.031179651    0.43102931   
     -0.20785276    -0.11299707    -0.4891656    
      0.054725007    0.037744672   -0.1992415    
      0.15704733     0.11261977    -0.17987644   
      0.18014346     0.066014353    0.25919757   
     -0.11429261    -0.033340841   -0.24867936   
     -0.096649193   -0.0016659042  -0.73531341   
     -0.041423368    0.06466168    -0.098920905  
     -0.13511195    -0.12120938    -0.58062457   
     -0.043661652   -0.11799828    -0.098189382  
      0.15235635    -0.052930217   -0.12509457   
     -0.094892171   -0.064092061   -0.094385405  
     -0.06586073    -0.15114754    -0.73648209   
     -0.0073787955   0.1649016     -0.018573948  
      0.055731289   -0.02598429     0.053535931  
     -0.081667226    0.055226291    0.59813726   
     -0.051321194    0.099783331    0.13483373   
     -0.0066037105  -0.092213114    0.0071314254 
      0.0073946783   0.038911447   -0.32925115   
     -0.15798112    -0.0059276113  -0.35257547   
      0.086843791    0.014476636   -0.13379516   
      0.042848059    0.022253059   -0.023280223  
     -0.018095791    0.034163905   -0.26548505   
      0.011339576    0.057597336   -0.051427544  
     -0.042628387   -0.019503525   -0.037885874  
      0.07318597     0.052810563   -0.22768305   
     -0.075526998    0.023270715    0.021875814  
     -0.028935851    0.043843275   -0.2040586    
      0.10507709    -0.014285107   -0.19807702   
      0.034035372   -0.099235886    0.36071505   
      0.053303831   -0.058787841   -0.00082666897
      0.10594238     0.048337646    0.31331049   
      0.0032273655  -0.12261706    -0.03656036   
     -0.058886255   -0.0067987183  -0.3666455    
     -0.098842059   -0.058116391   -0.45974134   
      0.090326674    0.16866194     0.40007542   
      0.022325693   -0.1398206     -0.40731038   
      0.10868485    -0.085563949   -0.16556045   
     -0.079797449   -0.16432524    -0.15262216   
     -0.023770798   -0.042711387   -0.308523     
     -0.079792706    0.019516036   -0.073847798  
      0.080534803   -0.1591636     -0.17078947   
     -0.12437071    -0.047098334   -0.45997387   
     -0.15624409    -0.045579033   -0.089778748  
     -0.038997427   -0.023699386   -0.1793157    
      0.090965797    0.10078458     0.14608759   
      0.090363689    0.14128017    -0.016538677  
      0.043483523    0.02162687    -0.60393542   
     -0.036709452    0.11165053     0.2185476    
      0.075396021    0.035980441    0.078349911  
      0.033604926    0.029752476   -0.24541274   
      0.010952538   -0.10682793    -0.19261955   
      0.017790299    0.029377278    0.46041544   
      0.010610106    0.073634993    0.24074156   
     -0.055679209   -0.097038211   -0.36694414   
      0.15582038     0.021669063   -0.13093937   
      0.05944626     0.088734769   -0.23237655   
     -0.053678905   -0.01055352    -0.23504193   
      0.064364133    0.15069861     0.44852626   
     -0.012113541   -0.13925645    -0.033459689  
     -0.17617599     0.0023803797  -0.17604039   
     -0.12905738    -0.21068058    -0.14897195   
     -0.0977549     -0.015040973    0.047219561  
     -0.096622586   -0.076713132   -0.8429433    
      0.044241625    0.054118409   -0.31708298   
     -0.055175179   -0.027203584   -0.034682642  
     -0.0067619034   0.035437687    0.062248159  
      0.085597112    0.072085439    0.2134792    
     -0.055676622    0.029577956   -0.20312563   
      0.10031493     0.019554178   -0.23339862   
     -0.07013941    -0.22456329    -0.13170771   
      0.024786157   -0.010982233    0.1801703    
      0.042084128    0.024453129   -0.22804647   
      0.016052681   -0.089802772   -0.010354454  
      0.11358681     0.033797079    0.13265109   
      0.0026333367   0.050530158   -0.22574947   
      0.073314258    0.0044251574  -0.27544547   
     -0.088467712   -0.026412099   -0.14473305   
     -0.14961007    -0.04627893    -0.83694215   
     -0.0018053205  -0.1482611     -0.022046186  
     -0.028938984    0.019275286   -0.13308349   
      0.073431518   -0.042949376    0.0046926041 
      0.13245691    -0.0038040785  -0.32837486   
      0.025959098   -0.0700622     -0.26078807   
     -0.080993798    0.00019879902  0.11940051   
      0.035381712   -0.031400058    0.0085864336 
      0.1033633      0.12842217     0.030264624  
     -0.084405827   -0.041415069   -0.41539611   
     -0.19439782     0.03408747    -0.19164228   
      0.009997104    0.0082425198  -0.246489     
     -0.0091055702   0.040602308   -0.12668319   
     -0.12840231     0.065974816   -0.70308038   
      0.015062872    0.031730155    0.38773333   
      0.012907351    0.20724641     0.19684192   
      0.041916681   -0.0083564428  -0.0042664799 
     -0.049624095   -0.03187199    -0.29630532   
      0.020705454    0.094400194   -0.56737896   
      0.14017443     0.10462017     0.42167383   
      0.055867639    0.026483958    0.27667507   
      0.030734729   -0.15875225    -0.048541261  
     -0.058360329   -0.086185997   -0.2747649    
      0.063607741   -0.069483797   -0.32497399   
      0.10504137    -0.021261792   -0.13806289   
     -0.1068029     -0.088125146   -0.31363754   
      0.1080509     -0.011809731   -0.35423995   
     -0.11410023    -0.050986182    0.19664924   
     -0.052167559    0.025282663   -0.71266022   
     -0.024214926   -0.046752768    0.22726849   
     -0.069738526   -0.095554752   -0.23769286   
     -0.10097541    -0.078977661   -0.35308647   
     -0.085418082    0.045050406   -0.14556862   
     -0.10879744    -0.1430587     -0.22340372   
     -0.0096999794   0.044485839   -0.48507051   
      0.00077874203  0.070271453   -0.050803258  
      0.078441694   -0.051614672    0.089350296  
      0.0261876      0.045668699   -0.20643255   
     -0.01895756     0.18615358     0.36492985   
      0.00032304074 -0.07296656    -0.38899031   
      0.014916566    0.011623816   -0.21209895   
     -0.10818051    -0.10324129     0.18181565   
      0.0013241602  -0.024556011   -0.047383848  
     -0.011286016    0.090976867   -0.16938608   
     -0.030630484   -0.095407804   -0.11785468   
     -0.20546911    -0.1437847     -0.40187137   
     -0.034240288   -0.070088536   -0.37259333   
      0.026490238   -0.07660223    -0.028902993  
     -0.038530909    0.059543591    0.18765941   
      0.042785562    0.096296941    0.28323777   
      0.10489964     0.089334219    0.58064556   
      0.074563833   -0.017952621   -0.37207864   
      0.2220716      0.14951479     0.094221125  
     -0.056739714   -0.055206337   -0.38624443   
      0.089129153    0.028077091   -0.076352022  
     -0.10364954    -0.028493383   -0.20232956   
     -0.13520399    -0.013068972    0.064063131  
      0.23072608     0.082997913    0.28447764   
     -0.027352142   -0.075134615   -0.57955194   
     -0.10028151    -0.081988817   -0.58239475   
     -0.14185424    -0.08930407    -0.83926418   
      0.056558621    0.043020174   -0.39375555   
     -0.051868842    0.0042033732   0.009070023  
     -0.095718434   -0.040786573   -0.048582848  
     -0.023703322    0.039099889    0.018113746  
      0.017408398    0.0030235328  -0.19444343   
     -0.020908912    0.0086252171  -0.16971141   
     -0.0034121438   0.16161165     0.5129638    
     -0.08149575    -0.035530296   -0.0088340467 
      0.067545143    0.0075694493  -0.22145658   
      0.090688746   -0.0093146193  -0.43032925   
     -0.030343949    0.056416179   -0.12002411   
      0.11408756    -0.0147262     -0.045726073  
     -0.10497273     0.025927026   -0.49344784   
      0.03512056    -0.072784605   -0.368463     
     -0.036737326    0.079072497   -0.20413863   
     -0.081708779    0.0062535218  -0.31120369   
      0.033046925   -0.050351362   -0.23591168   
      0.054263486    0.10297224     0.61489983   
     -0.012765098    0.018885052   -0.19517932   
      0.0053282314   0.12715441     0.15437719   
     -0.046388431   -0.051804887   -0.23516336   
     -0.074598173   -0.094369195   -0.27142142   
     -0.046747774    0.0068551833   0.012919381  
      0.087756609    0.021351047   -0.20392882   
     -0.090884623   -0.12173866    -0.58832696   
     -0.12910949    -0.059733592   -0.7809219    
      0.043907909    0.18767015    -0.10453749   
     -0.12654168     0.11506225    -0.32332999   
     -0.011162051    0.057276008   -0.2103246    
     -0.14974976    -0.024593998   -0.36173934   
      0.1853875      0.064500432    0.5854069    
     -0.077014954   -0.087188841    0.073977576  
      0.056250427   -0.071415599   -0.15349473   
     -0.077026322    0.0048863681   0.015464756  
     -0.077312943    0.010618349   -0.27454224   
     -0.023206059    0.027755398   -0.019064833  
      0.0035391974  -0.009566785   -0.033102636  
     -0.038156688   -0.016903833   -0.30705965   
     -0.03705706    -0.067121828    0.014983484  
     -0.088937012    0.0018538248  -0.16030109   
      1.5445784e-05 -0.049508123   -0.040268562  
      0.086283035   -0.099783972   -0.069816636  
      0.011393093   -0.0024830376   0.13635052   
     -0.056777817    0.045303259    0.091071671  
      0.13243162     0.027146776   -0.31731836   
     -0.0076284635  -0.050835415    0.15596247   
      0.014926699   -0.065070862    0.25949747   
     -0.012303511   -0.042134047   -0.32443708   
      0.015195109   -0.084801703   -0.58157255   
     -0.21030842    -0.04966336     0.040482759  
     -0.028575424   -0.065290507   -0.69749658   
      0.023781301    0.042383666    0.033898243  
      0.12313502     0.10567789     0.072877816  
      0.081662874   -0.094738327   -0.0070611567 
     -0.073179214   -0.020143814   -0.40379816   
      0.12272391    -0.015742345   -0.40597883   
     -0.057207141   -0.034299876   -0.35463849   
      0.083185652   -0.031494944   -0.10040017   
      0.13426512     0.087900681   -0.20236484   
      0.16007154     0.10076262    -0.13415573   
     -0.0022560399   0.0044524677  -0.20556968   
     -0.064849195   -0.095490532   -0.24298154   
     -0.059019428    0.062777467   -0.21282261   
     -0.018619616   -0.05287389    -0.25760443   
     -0.0045650634  -0.06190567    -0.61196796   
     -0.12524146     0.036489098   -0.041972486  
     -0.083297584   -0.20136451    -0.48860135   
     -0.09946014    -0.0607728     -0.41699766   
      0.038665946   -0.10802944    -0.10876696   
     -0.031615649   -0.059947924   -0.15017799   
      0.1234972     -0.014367684   -0.29617734   
     -0.02634929     0.012817747   -0.16028594   
     -0.11029823    -0.0091736833  -0.22836526   
     -0.10685724    -0.070136483   -0.46572291   
     -0.022548428    0.041975176   -0.63416428   
      0.052532479   -0.057108997    0.13205198   
      0.17264479     0.089083104    0.29603517   
      0.15804629     0.006075764    0.077550328  
      0.13494165    -0.084060303    0.011626917  
     -0.042867892    0.06484934    -0.37278107   
      0.024282504   -0.070275257   -0.29015782   
     -0.011340894    0.040560743   -0.15188141   
     -0.089435202   -0.033863952   -0.3257124    
     -0.017151255    0.0010278115  -0.15203305   
      0.03012489     0.044683845    0.097044464  
      0.028718528   -0.14208381    -0.1621314    
     -0.066487404   -0.083872253   -0.38736563   
      0.01210297     0.04266499    -0.47445891   
     -0.06959671    -0.077907335    0.30349505   
      0.067146074   -0.00041634998 -0.038470595  
     -0.02539342    -0.084075268   -0.33077266   
     -0.079820385   -0.10042389    -0.57944067   
      0.091057709   -0.0092357889   0.21837407   
      0.072112382   -0.12977406    -0.66235786   
      0.069923471   -0.071746399    0.18692869   
      0.037420695   -0.026946414   -0.20367565   
      0.031234691   -0.052650052    0.21395924   
      0.077421374    0.15163082    -0.11568263   
      0.015161788    0.012364377   -0.33677819   
     -0.03032761    -0.10378856    -0.34710534   
     -0.026544507   -0.084823835    0.25335727   
     -0.088596142    0.029505136    0.23254257   
      0.032590618    0.023192298    0.091963441  
     -0.060614747   -0.068727815   -0.21645416   
      0.22526769    -0.0053630848   0.43784185   
     -0.081187639   -0.2247913     -0.17956239   
      0.11559331     0.052824913    0.036959851  
      0.10737522     0.051782532    0.054160472  
     -0.10944819     0.010030976   -0.10895872   
      0.018246513    0.0088572148  -0.71467283   
     -0.015274737    0.10705631    -0.26457701   
      0.077115698   -0.065242929   -0.2447678    
     -0.0078333207  -0.019906935   -0.39032336   
      0.032191294    0.073870468   -0.68202754   
      0.067200687    0.070752972   -0.1702073    
     -0.07406201    -0.13355692    -0.20091279   
      0.082217294    0.024583001   -0.17768826   
     -0.085374956   -0.064056364    0.37175253   
     -0.072941389    0.011001686   -0.10911675   
     -0.032896993    0.026782485    0.077806429  
     -0.054490558   -0.078230542   -0.48954886   
      0.0031489017   0.023171179   -0.10348616   
     -0.047264133   -0.024225269   -0.41787515   
      0.10684309     0.07001688     0.20686493   
     -0.053416657   -0.0087816616  -0.01771094   
     -0.18541061    -0.011276903   -0.29989149   
     -0.18765831    -0.080338391   -0.91766913   
     -0.056452997   -0.0013105926  -0.28756098   
     -0.082617702   -0.1278244     -0.16746575   
      0.057579736    0.015779773    0.24128381   
      0.049911446    0.10522776     0.31748411   
     -0.12727733    -0.0027412767  -0.32591255   
      0.068392648    0.03100746    -0.44373316   
     -0.068087498    0.051775598   -0.23137508   
      0.011106957   -0.036040432   -0.075982436  
      0.0027571255   0.13116143    -0.49361335   
     -0.030744537    0.079229146    0.29689525   
     -0.042772817   -0.077253989   -0.29880469   
     -0.031961343    0.029529496   -0.18439117   
     -0.00010933097 -0.053645564   -0.018293533  
      0.063572345    0.059426945    0.39644038   
      0.038324768    0.066588108    0.15569165   
      0.018328029    0.069966417   -0.038234485  
      0.048196205   -0.069436204   -0.23008087   
      0.0006370854  -0.02799174    -0.21736266   
     -0.030065505    0.09376033    -0.52076485   
      0.032795346    0.078509821   -0.15238137   
     -0.038813102   -0.044215312   -0.17095533   
     -0.043687645    0.023235066   -0.034054303  
     -0.086620963   -0.073434074   -0.27962784   
      0.072462049    0.0010537386  -0.0073994058 
      0.077708828    0.069752377   -0.097127007  
     -0.022566473    0.03863719     0.069975174  
      0.046852432    0.063731899   -0.054702634  
     -0.051325077   -0.06992224     0.5664372    
     -0.088367547    0.052742468    0.12633318   
     -0.076602309   -0.025690989   -0.22154425   
     -0.092018052   -0.076971008   -0.256511     
     -0.012825108   -0.021191056   -0.75630396   
     -0.0260595      0.027977188   -0.48543586   
      0.0063620568   0.0086724131   0.11295662   
     -0.017366712    0.048320444    0.17594856   
      0.040810116    0.0016305329  -0.20704284   
     -0.1313028     -0.030201305   -0.64474816   
     -0.0029754439  -0.097989785    0.034003711  
      0.016449273   -0.16818424    -0.44277067   
     -0.11891163    -0.028958649   -0.17160935   
      0.0097932126   0.077662505    0.037322213  
     -0.089190666   -0.066530736   -0.61349713   
     -0.17801557    -0.061020942   -0.39763915   
     -0.08484237    -0.05855802    -0.16326327   
     -0.098663794   -0.083465275   -0.18153763   
      0.016726475   -0.15796046     0.29323567   
     -0.16380681    -0.13205806    -0.27975995   
     -0.031489418   -0.044436471   -0.075477342  
      0.10460034    -0.018232749   -0.035944672  
     -0.067463289   -0.079278524    0.029578132  
     -0.09839769    -0.051604363   -0.42668985   
     -0.055703447   -0.019704506   -0.4881773    
      0.026812746   -0.0094862325   0.043635088  
      0.030255383   -0.064551053   -0.18216258   
     -0.18712209    -0.010250851   -0.90769175   
     -0.067737738    0.020728398    0.20999242   
     -0.2149729     -0.083320943   -0.55684101   
      0.10156847     0.095557498    0.1496389    
      0.011906363    0.0085447646  -0.59976849   
     -0.10754952    -0.014067736    0.27124296   
      0.031011333    0.1318851     -0.0014004964 
     -0.066567636   -0.017018819    0.24767579   
     -0.13018362    -0.04527139    -0.36030173   
      0.0075997956  -0.05819131     0.024099615  
      0.080246498    0.036759639   -0.15852984   
     -0.067491602    0.05703055    -0.088470518  
     -0.12439785    -0.068035343   -0.81862524   
     -0.013378793    0.079503454   -0.59190227   
     -0.063120789    0.1565233      0.019229305  
     -0.017428322   -0.014219182   -0.13740462   
      0.066951971    0.075524485    0.082774238  
     -0.074155217    0.0040776716   0.059929236  
     -0.059759448    0.04897392     0.07610149   
     -0.037483066   -0.16995113    -0.4164635    
      0.053487751   -0.02939571     0.2047385    
      0.048296021    0.084799276    0.051095059  
     -0.14791245    -0.075819317   -0.40713352   
     -0.10690896    -0.0099965074  -0.17159344   
     -0.102357      -0.087111123   -0.28989306   
     -0.12408073    -0.094327597   -0.57644242   
     -0.15942683    -0.11601055    -0.1430058    
     -0.048725192   -0.082761935   -0.13189788   
      0.02760903     0.091898062   -0.0015637355 
     -0.18967597    -0.002467524   -0.26218878   
     -0.030618118    0.0077661369  -0.13175653   
      0.043581382    0.054969797    0.042847841  
     -0.11865479    -0.072925525   -0.54814417   
      0.071846783    0.044588026    0.049435792  
      0.059082368    0.051321553   -0.027180103  
     -0.10961733    -0.091330858   -0.71928957   
     -0.017317951   -0.013512919   -0.5525815    
     -0.095160878    0.041456093   -0.25021294   
     -0.0059025956   0.039977944    0.07530888   
     -0.017036048   -0.015202207    0.12466977   
      0.021655617    0.089719245   -0.092380468  
      0.026125322    0.012902683   -0.3631315    
     -0.06783965     0.052314618    0.066720719  
      0.010307418   -0.058907341   -0.23743618   
      0.08780593    -0.039230079   -0.15570291   
     -0.19992454    -0.040824089   -0.63939824   
     -0.056890422   -0.011396592   -0.075895889  
      0.060808588    0.031403046    0.24245129   
     -0.035353011    0.00056767446  0.11906804   
      0.0014028006   0.00076408994  0.10712588   
      0.047570813    0.059206846    0.27352771   
     -0.090007282   -0.073255295   -0.60026139   
      0.0085448041  -0.014606999   -0.33054351   
     -0.045090258   -0.12279713    -1.0512949    
     -0.074571447    0.082634883   -0.53915927   
     -0.033596623   -0.070551208   -0.20371214   
      0.071968373    0.10768607     0.060766767  
      0.009212889   -0.089258838   -0.52560489   
     -0.068655432   -0.043817784    0.0068170868 
      0.035146364   -0.021653303    0.083552634  
     -0.12469616    -0.047842049   -0.20849932   
     -0.051140908    0.027862067   -0.32764781   
     -0.023917989    0.062538034   -0.4753904    
     -0.054181691   -0.010161082   -0.36712429   
     -0.11964852    -0.12448636    -0.38996839   
     -0.19705265    -0.068478861   -0.25697178   
      0.036211731    0.0847926     -0.32494544   
     -0.03281332     0.083233913   -0.045108363  
     -0.042714352    0.057158093   -0.54997121   
     -0.0097263721   0.13521179     0.028829711  
      0.13427264    -0.049277891   -0.18574019   
      0.22614291     0.13690349     0.11693653   
      0.0029883511   0.015105579   -0.15064615   
     -0.055559982    0.060788859   -0.56070807   
     -0.10368227    -0.023061633   -0.55297416   
     -0.058090451    0.041268948    0.021237075  
     -0.10507801    -0.050721458   -0.20035397   
     -0.22669486    -0.049156662   -0.80912123   
      0.033702179   -0.13264386     0.051046228  
     -0.10074708    -0.19296977    -0.25942543   
      0.02401806    -0.030809459   -0.070704532  
     -0.063756771   -0.1036306     -0.46845001   
      0.070065226   -0.020944817   -0.043434369  
      0.0065478383   0.037736267   -0.16705304   
     -0.012158186    0.016843173   -0.19357388   
      0.20173832     0.1792323      0.28170626   
      0.097685496    0.10309149    -0.44244269   
      0.029136629    0.076753954    0.45410803   
      0.1378008      0.083666517   -0.20888036   
      0.047973462   -0.021650492    0.6256216    
     -0.0017620424  -0.081805388   -0.16792401   
      0.080561576   -0.018752315   -0.0031310215 
      0.063595858   -0.12453532    -0.50896543   
     -0.12069839    -0.13255667    -0.17553957   
      0.13091529    -0.15331139    -0.10663851   
     -0.067434019    0.087948352    0.075337288  
      0.057065885    0.02970599     0.06612376   
     -0.0029383719   0.087557759    0.068899212  
      0.097955692    0.13778651     0.32508147   
      0.075710004   -0.082122278   -0.064919065  
     -0.15615051     0.055126273   -0.27597696   
      0.090647424    0.0058207564   0.15733429   
      0.019611729   -0.036024933   -0.12122274   
     -0.047508457    0.14035171    -0.1211312    
     -0.08352106    -0.038988464   -0.25530784   
      0.1155389      0.037739197    0.0012457243 
     -0.12522069    -0.008242786   -0.74388519   
      0.019920176    0.082192438   -0.47706064   
      0.15847025    -0.084555036    0.061742174  
     -0.048525996    0.014755715   -0.23801972   
     -0.036366456   -0.0343907     -0.17154064   
     -0.087337516   -0.060296503   -0.55275406   
     -0.11768588    -0.14760606     0.092783819  
     -0.10833521    -0.070962081   -0.19608257   
      0.019215503   -0.16584157    -0.058681497  
      0.052666762    0.082645088   -0.35785112   
     -0.010721437   -0.040038816   -0.22059394   
     -0.16798622     0.046943681   -0.45164837   
      0.048597014    0.061413309    0.063383341  
     -0.12085191    -0.081996725   -0.12688358   
      0.032302012   -0.13567812     0.14102748   
     -0.0068149883  -0.060388222   -0.24804199   
      0.067560338   -0.068088266   -0.21984287   
      0.0035854032   0.067824115   -0.27404996   
     -0.07379819    -0.075409002   -0.21250592   
     -0.26454492    -0.082785605   -0.3382393    
     -0.15233596    -0.097229744   -0.44288052   
      0.077157247    0.095844741   -0.20355633   
      0.15815009     0.13749974    -0.064602726  
     -0.12745771    -0.044144553   -0.04233675   
     -0.10452288    -0.1796856     -0.6294063    
      0.076332609   -0.042056989    0.22359085   
     -0.041882626    0.0074055831  -0.36988081   
     -0.055130518   -0.068387773   -0.4562354    
      0.031101658   -0.046239782   -0.24853517   
      0.10201487    -0.0061387264   0.25903544   
      0.052508443    0.050203744   -0.50138554   
      0.0033283065  -0.12351872    -0.64189501   
      0.00071756023 -0.02187033    -0.32278634   
      0.067047412    0.030167908    0.1168901    
     -0.099963532   -0.11414884    -0.39394557   
     -0.077062946    0.017555181    0.085128978  
      0.024315585    0.013310065   -0.11747966   
     -0.019033784   -0.0051125289   0.099207088  
     -0.14032166     0.053005838   -0.41982075   
     -0.037006807    0.020264663   -0.53122378   
     -0.11247575     0.0090498693   0.022622343  
     -0.17591446    -0.098942491   -0.50512224   
     -0.11258987    -0.045023368   -1.024319     
      0.01243429    -0.022622795   -0.48098858   
     -0.095789623    0.066839998   -0.29459614   
     -0.079798781   -0.062368582   -0.077940765  
     -0.077309562    0.0015157015   0.29081056   
     -0.12450873     0.025986424   -0.12138716   
     -0.073764918   -0.015804188   -0.11576758   
      0.05530287     0.099548527    0.20278434   
     -0.17832757     0.0080830454  -0.44063535   
     -0.017178218    0.10509852     0.076439645  
      0.0006922907   0.060651413   -0.24536327   
     -0.14046484    -0.062789104   -0.69421216   
      0.022370225    0.04074798     0.0090701799 
     -0.026668414    0.0017121573  -0.68256204   
     -0.11842808    -0.21266732    -0.65797451   
     -0.075723228    0.066361762    0.054728189  
      0.012135038    0.10688762    -0.12276473   
     -0.13646132    -0.015545727   -0.28923529   
      0.090355304    0.055077164    0.14560454   
     -0.12576475    -0.044148917   -0.39985704   
      0.14479775    -0.021051958   -0.0012383671 
     -0.0076051841   0.017105881    0.17998975   
      0.0052369145  -0.060877386    0.47037028   
     -0.040551461    0.036844867   -0.10672696   
      0.02644287    -0.13925459    -0.11221141   
     -0.11744926    -0.0072747689  -0.13813004   
     -0.10811305     0.051310397   -0.17417948   
      0.023114545    0.039542926   -0.36037904   
      0.015906039   -0.0059995442  -0.060737014  
      0.050341221    0.010001908   -0.23800656   
     -0.0079043681   0.036276103   -0.16859826   
      0.049355112   -0.044685414    0.23381085   
     -0.158181      -0.038093364    0.010059035  
      0.031581949    0.12129454    -0.090782444  
      0.12015495     0.16263702     0.4915687    
     -0.066287427    0.010245208   -0.42536728   
     -0.14399941    -0.050621812   -0.4455397    
     -0.045551248   -0.082586593   -0.71641447   
      0.01523789    -0.065139953    0.46226403   
     -0.073065345    0.0038777894  -0.11073721   
     -0.091275795   -0.10001137    -0.2233979    
      0.16684081     0.12539505     0.8383068    
      0.055659652    0.058551727   -0.15399473   
     -0.11228352    -0.067900807   -0.97590643   
      0.091209409   -0.037377737    0.29974149   
      0.084849094    0.1524558      0.068504549  
     -0.044940763    0.0014262213   0.060530167  
      0.10777408     0.080336052    0.22958786   
     -0.15162218    -0.045220707   -0.071715023  
     -0.02304873     0.033434424   -0.42281064   
     -0.0059513952  -0.043833826   -0.50372708   
     -0.0078237587  -0.039208852   -0.36630369   
      0.055837612    0.070031949   -0.2373498    
      0.043993122    0.065814888   -0.48400765   
     -0.0088792585   0.091225096   -0.12880798   
     -0.1176001     -0.10039039    -0.28030866   
      0.11601958     0.056884325    0.14054972   
     -0.071370147   -0.0040605463  -0.21089901   
     -0.14238476     0.020213595   -0.21667638   
     -0.064282541   -0.023699723   -0.073427179  
     -0.053532898   -0.043239459   -0.18287768   
      0.037093106    0.00060507141  0.1100851    
     -0.047248472    0.017432298   -0.093335915  
     -0.12342843    -0.047191884   -0.32501134   
      0.024471415   -0.035708697    0.32538264   
     -0.045526743   -0.08700216    -0.014691826  
      0.041140163    0.01022622     0.11184978   
      0.015677303   -0.012131174   -0.02811828   
     -0.047475978    0.059892056   -0.28778193   
      0.11917252     0.057957136    0.058613726  
      0.010765859    0.078599469   -0.30617662   
     -0.0058066288  -0.10575227    -0.38862339   
      0.084769971    0.096706366    0.010946977  
      0.036823062   -0.020573613   -0.019869027  
      0.11082609    -0.076684006   -0.26605243   
     -0.016311676   -0.072318833   -0.29932654   
     -0.047983854    0.011143596    0.049861944  
      0.039340887    0.06997098     0.070447507  
     -0.018495973   -0.017063918   -0.13339374   
      0.10783609    -0.0013154419  -0.18208173   
      0.010405211   -0.038388207    0.087823734  
     -0.17838519    -0.071626294   -0.47834769   
     -0.032589846    0.021126784   -0.35523762   
      0.067358012   -0.022483939    0.090989167  
      0.059514256    0.020829168   -0.2428001    
      0.052449738    0.094281178   -0.26168374   
     -0.046168986    0.085529991   -0.12480774   
     -0.077222873   -0.030573712   -0.85082548   
     -0.043528868    0.058442441   -0.20161273   
      0.01812751     0.021996347    0.083231767  
      0.10717349     0.099255877    0.2969456    
      0.063958859    0.10403251     0.25428251   
      0.022422908    0.019537392   -0.53102031   
     -0.032601147   -0.087070777   -0.058463332  
     -0.15945448    -0.12047766    -0.49398177   
      0.060137631   -0.082244218    0.29892468   
     -0.065213883    0.02174417    -0.38724772   
     -0.040041457    0.0092803609  -0.42879265   
     -0.11977732    -0.076661279   -0.2860626    
      0.0083826555  -0.06034219     0.10636555   
      0.055506423   -0.021753343   -0.31865246   
      0.055182426   -0.041700673    0.11443063   
     -0.017488679   -0.095375512   -0.032497338  
     -0.13947308     0.11326355     0.087878667  
     -0.026376179    0.064815013   -0.42440491   
      0.077755791    0.051672885   -0.0016019092 
      0.042563806    0.058898412    0.38286305   
      0.060285755   -0.015140303   -0.075999436  
     -0.031387006   -0.0045350144  -0.087038859  
     -0.018273004    0.029710737   -0.10217161   
     -0.034768386   -0.00029205    -0.63094752   
      0.02715762     0.08044298    -0.083171555  
     -0.050495713   -0.033683127   -0.34265439   
      0.055424174   -0.04971204    -0.2309348    
      0.10149275     0.027735093   -0.11408751   
      0.096779514   -0.039773841   -0.097813227  
     -0.13305523     0.049865562    0.0062088902 
     -0.05112024    -0.14953226    -0.029974579  
      0.044459283   -0.099553219    0.01825198   
     -0.026813953   -0.01568104     0.0035387859 
     -0.095680111    0.0018412769  -0.20536972   
      0.097020161    0.034895289   -0.18961565   
      0.087307017    0.067722881   -0.35601088   
     -0.072899354    0.067402364   -0.42375606   
     -0.21310749    -0.17324455    -0.096303688  
      0.066954695    0.085627894    0.019476509  
      0.096871364    0.035424988   -0.26478381   
     -0.088879102   -0.11141979    -0.29246788   
     -0.056490808    0.080969594    0.099450694  
      0.013535801   -0.01825232    -0.22312372   
      0.032756737    0.15494084     0.019601954  
     -0.1014311     -0.04179242    -0.17554989   
     -0.13374216     0.0047237279  -0.18511892   
     -0.12149625    -0.083272681   -0.22230702   
     -0.13146947     0.039818577   -0.41356318   
      0.030313333   -0.005060754   -0.69468448   
     -0.045490629    0.042823399   -0.10005952   
     -0.14542158     0.024505952   -0.18955117   
      0.028423451   -0.12262961    -0.10870616   
     -0.088945469   -0.05225956    -0.35075921   
     -0.02254341    -0.038661306   -0.33907125   
     -0.051060002    0.058929283   -0.39602491   
      0.22222365     0.11772071    -0.20692076   
     -0.10900175     0.11667324    -0.34807355   
     -0.06882927    -0.031291686   -0.38642946   
     -3.3544562e-05 -0.0015482652  -0.41627434   
     -0.050717371    0.025991085    0.13277364   
      0.029710192    0.14619328     0.03185282   
     -0.0029089657   0.048717391   -0.38209483   
      0.079437177   -0.16876707    -0.021336553  
     -0.071476523   -0.059248765   -0.09103739   
     -0.10482583    -0.060883537   -0.51655732   
     -0.12342428    -0.063616335   -0.41534851   
      0.10548156    -0.06230661    -0.36235463   
     -0.11419649    -0.038419323   -0.40113166   
     -0.074159084   -0.020918434   -0.3684378    
      0.069426815   -0.103657       0.22396815   
      0.019911852    0.021361692    0.03051499   
