    -32.161541     -32.161541      0.0022111957 
                                            
    -0.1321947     -0.24102094    -0.18728597   
     0.43631567     0.3733207     -0.068479755  
     0.20298201     0.20700514     0.17839507   
     0.016237962   -0.06415401    -0.43691335   
     0.051876322   -0.010294026    0.04872715   
    -0.083751772   -0.24227285    -0.54945226   
    -0.35524686    -0.30148854    -0.82168214   
    -0.14519071     0.022657323    0.032299939  
    -0.0029935168   0.077923939   -0.042918532  
     0.041953483   -0.017510577   -0.30896008   
    -0.19396628    -0.1864627      0.21967414   
    -0.26537068    -0.12007236    -0.68330513   
     0.14704571     0.098465782    0.014966025  
    -0.058996174   -0.066203426   -0.94424053   
    -0.036768524   -0.18933001     0.19673318   
    -0.093061526   -0.059922872   -0.19097495   
    -0.040722631    0.035560629   -0.39146528   
    -0.043907726   -0.025373531   -0.19133469   
    -0.033444872   -0.024385981   -0.26667211   
    -0.011683696   -0.1518434     -0.015745783  
    -0.033183547   -0.0046166527   0.093588492  
    -0.071419141   -0.1966266     -0.2749838    
    -0.012536701    0.0094235843  -0.059591475  
    -0.12569791    -0.0046482293  -0.084938494  
    -0.18495114     0.045123206   -0.55150084   
    -0.1208363     -0.12039796    -0.64658015   
    -0.072653353   -0.020119347    0.13528194   
    -0.048481647   -0.15804064    -0.55934248   
    -0.050581605   -0.0077367656  -0.2925977    
    -0.093256622   -0.023876388   -0.048467161  
     0.036012608   -0.06832455    -0.51091614   
    -0.062463796   -0.1712431     -0.64003647   
    -0.094366958   -0.045541155    0.072869367  
    -0.22109717    -0.11581681    -0.3034835    
    -0.060305704   -0.061900098   -0.77253465   
    -0.15698847    -0.00049113707 -0.43659287   
    -0.055454465   -0.042813642   -0.18182273   
    -0.029705947   -0.086380189   -0.58124321   
    -0.19015531     0.052877108   -0.56527171   
    -0.0044853055  -0.057799353   -0.078577036  
    -0.17808809    -0.15001812    -0.1734828    
     0.0059504254  -0.0040595016  -0.59458867   
    -0.14377499    -0.14511511    -0.45761788   
    -0.012341419   -0.042345866   -0.71589234   
    -0.099160952   -0.1366934     -0.50521544   
    -0.14766625    -0.16849785    -0.35049009   
     0.01112093    -0.11977631    -0.45566242   
    -0.19900844    -0.13473208    -0.31691023   
    -0.18971151    -0.042415935   -0.1931765    
     0.043912463   -0.06110793     0.03928257   
    -0.15949844    -0.14337941     0.20211675   
    -0.16340404    -0.11797085    -0.3072189    
    -0.11403113    -0.095798264   -0.56201618   
    -0.16392724    -0.15498138    -0.80462015   
    -0.18632739    -0.15375994    -1.0589777    
    -0.13657652    -0.087989986   -0.015734969  
    -0.15725139    -0.14879161    -0.49856584   
    -0.075711904   -0.1366759     -0.083155607  
    -0.096619512   -0.062281778   -0.50364031   
    -0.18665656    -0.074698024   -0.52869001   
    -0.10333844    -0.15342994    -0.41716037   
    -0.13313651    -0.17813376    -0.13979359   
    -0.15281155    -0.19536492    -0.60701248   
    -0.11203142    -0.18710459    -0.50870269   
    -0.13551931    -0.0032246951  -0.27992081   
    -0.080030577   -0.15988823    -0.0016295529 
    -0.13131159    -0.068242598   -0.20713858   
    -0.10774966    -0.081166641    0.10626604   
     0.075700711   -0.057170806    0.091603509  
    -0.19646316    -0.12044786    -0.59875496   
    -0.17817017    -0.17500276    -0.43028344   
    -0.10951074    -0.11350397    -0.45376032   
    -0.12766631    -0.2201216     -0.87596921   
    -0.091586283   -0.11114666     0.029182117  
    -0.11554978    -0.21862472    -0.39135253   
    -0.090315947   -0.06014778    -0.3091159    
    -0.03858704    -0.18369068    -0.076605503  
    -0.1052134     -0.063898592    0.16270849   
    -0.077279381   -0.090278538   -0.36218161   
    -0.095748023   -0.10311633    -0.47205693   
    -0.042807519   -0.15247835    -0.61856275   
    -0.12776474    -0.22227645    -0.70122692   
    -0.11770931    -0.16919904    -0.045548218  
    -0.097745195   -0.096781266    0.033425833  
    -0.14900728    -0.12138179    -0.64606044   
    -0.048787238   -0.10079685    -0.061388451  
    -0.095471657   -0.06979871    -0.093467417  
    -0.11566017    -0.081122512   -0.45174478   
    -0.15765121    -0.069727056   -0.33237082   
    -0.1142448     -0.10282081    -0.024683607  
    -0.18232874    -0.051499275   -0.58373872   
    -0.026220382   -0.19625598    -0.39372848   
    -0.072650531   -0.1324155     -0.60153214   
     0.0034555799  -0.075204292    0.049248417  
    -0.19996217    -0.16812072    -0.43540014   
    -0.13215559    -0.079746938   -0.13228819   
    -0.12942614    -0.041226346   -0.50856023   
    -0.16364998    -0.08378037    -0.27542545   
    -0.26305549    -0.088669187   -0.51408236   
    -0.040584077   -0.076310715   -0.18734525   
    -0.13030658    -0.13814519    -0.39551395   
    -0.056894016   -0.12621472     0.61368186   
    -0.022800782   -0.11828607    -0.22616048   
    -0.21766299    -0.20417236    -0.23962919   
    -0.017784237    0.021109024    0.28625682   
    -0.090504405   -0.15820844    -0.7562274    
    -0.067639132   -0.078070738   -0.094937553  
    -0.075989112   -0.054655084   -0.65818259   
    -0.11750125    -0.2451468     -0.19091984   
    -0.025473145   -0.0893931     -0.064390662  
    -0.062723916   -0.18734266    -0.55131929   
    -0.18161632    -0.20441416    -0.32910312   
    -0.12997209    -0.098759311   -0.24007015   
    -0.15267104    -0.16098186    -0.71471136   
    -0.12715371    -0.044296234   -0.092282183  
     0.0087157139  -0.046935005   -0.30122165   
    -0.056900775   -0.050292339   -0.57535096   
    -0.21071397    -0.016330326   -0.29337655   
    -0.065095487   -0.18913648    -0.70071032   
    -0.11496447    -0.071099877   -0.4091392    
    -0.13899929    -0.052615911    0.40741717   
    -0.095363594   -0.033497423   -0.095850435  
    -0.15626355    -0.11665536    -0.27379026   
     0.020739262   -0.1519933     -0.28552664   
    -0.16226895    -0.054493085   -0.49058832   
    -0.10940179    -0.11814951    -0.77987891   
    -0.19843418    -0.15006611    -0.67427743   
    -0.073931427   -0.063413503    0.11433699   
    -0.22908422    -0.12015914    -0.10787187   
    -0.13371614    -0.11424849    -0.14489313   
    -0.15739577    -0.022382069   -0.48238845   
    -0.12704755    -0.049617086   -0.18998546   
    -0.12139716    -0.09253525    -0.17095701   
    -0.1337958     -0.034780052    0.27692379   
    -0.017364416   -0.046059484    0.029644474  
    -0.20680583    -0.24249514    -0.348228     
    -0.004780728   -0.089944752    0.02546338   
    -0.051344655    0.063344078    0.076572086  
    -0.071668261   -0.13382384    -0.18457203   
    -0.10157066    -0.099942679   -0.18816066   
    -0.17000801    -0.068429402   -0.26684301   
    -0.014427864   -0.21293779    -0.15895182   
    -0.1398047     -0.046621681   -0.19116876   
    -0.10342084    -0.073735617   -0.3223739    
    -0.020746995   -0.029274941   -0.33231966   
    -0.10494998    -0.070713646   -0.10693846   
    -0.033179983   -0.072147276   -0.18249725   
    -0.044279934    0.02500828    -0.50732366   
    -0.081503243   -0.089515075   -0.13620593   
    -0.17344181    -0.2274846     -0.55270992   
    -0.14871894    -0.17996814    -0.50479676   
    -0.14047818    -0.22872339    -0.38848649   
    -0.087351421   -0.16829403    -0.7306535    
    -0.079303333   -0.19248194    -0.20387181   
    -0.095825735   -0.095898872    0.15467239   
    -0.066937823   -0.098568819   -0.1331261    
    -0.18289609    -0.21602766    -0.44360436   
    -0.022528781   -0.11703365    -0.48068135   
    -0.074026737   -0.093558965   -0.2262216    
    -0.016153589   -0.25354883    -0.35182758   
    -0.14197791    -0.1883692     -0.13889749   
    -0.072365627   -0.1272674     -0.20644384   
     0.025718307   -0.065196096   -0.21853774   
    -0.054756237   -0.014758543   -0.54911654   
    -0.080609479   -0.093384321   -0.68208676   
    -0.12401289    -0.12204951    -0.22771749   
    -0.10840595    -0.16525665    -0.69247312   
    -0.11368507    -0.10380018    -0.28672842   
    -0.074794413    0.0046671385  -0.38219114   
    -0.097108089   -0.23569597    -0.22392336   
    -0.10654137     0.043834644   -0.62534731   
    -0.15986325    -0.043476538   -0.38930573   
    -0.1185666     -0.20010783    -0.27278671   
    -0.1079584     -0.072706169   -0.24716659   
    -0.13185703    -0.12776259    -0.52221929   
    -0.11449085    -0.035381193    0.055719639  
    -0.056470522   -0.030782238   -0.34770229   
    -0.13478073    -0.1306905     -0.5120933    
    -0.022915745    0.010142556   -0.32249448   
    -0.12437015    -0.14770156    -0.40157262   
    -0.10460752    -0.097978193    0.028469052  
    -0.13875674    -0.17969691    -0.68999219   
    -0.079313916   -0.1016328     -0.5610315    
    -0.10917771    -0.10846711     0.07593633   
    -0.092180249   -0.14163673    -0.39830535   
    -0.035895453   -0.038152853   -0.33818036   
    -0.15670816    -0.13841713    -0.64469614   
    -0.11110377    -0.27689936    -0.54823395   
    -0.1231488     -0.067646498   -0.12237562   
    -0.084653202   -0.10929481    -0.31118069   
    -0.14531058    -0.14428174    -0.21757868   
    -0.21610149    -0.18032837    -0.48312358   
    -0.23130692    -0.11341387    -0.676716     
     0.0062052381  -0.05062851    -0.34237429   
    -0.23466074    -0.20577183     0.08910925   
    -0.24115422    -0.13997668    -0.30848543   
    -0.14135647    -0.17581279    -0.50099061   
     0.032828839    0.015416536    0.13158802   
    -0.018042297   -0.02913902    -0.066060838  
    -0.23811204    -0.22673661    -0.99437233   
    -0.061526177   -0.062878222   -0.16610888   
    -0.14689316    -0.053969373   -0.53225001   
    -0.1520408     -0.020672537   -0.11873767   
    -0.10135587    -0.09056928    -0.13254478   
    -0.21257018    -0.10926106    -0.25950345   
    -0.1333277     -0.17807697    -0.59007247   
    -0.11588636    -0.12193839     0.15030959   
    -0.17044707    -0.15096835    -0.38681332   
    -0.20924477    -0.15413981    -0.31410438   
    -0.097071962   -0.087138533   -0.59257567   
    -0.10694429     0.020497248   -0.57448624   
    -0.056252711   -0.026478838    0.27019943   
    -0.14476109    -0.069111281   -0.060484541  
    -0.13819948    -0.071647175   -0.35130217   
    -0.10191075    -0.15251409    -0.5036133    
    -0.18447822    -0.17020351    -0.66937224   
     0.01246363     0.01765019    -0.17225292   
    -0.099325313   -0.16080013    -0.022252092  
    -0.13293963    -0.14298962    -0.89764287   
    -0.15209283    -0.21853825    -0.85400201   
    -0.15763669    -0.16399232    -0.46860635   
    -0.17180814    -0.1330217      0.11279621   
    -0.28565304    -0.1920169     -0.66986654   
    -0.095311137   -0.13603167    -0.35224899   
    -0.060317771   -0.20585515    -0.61251347   
    -0.18771443    -0.26373313    -0.64490852   
    -0.11950684    -0.10729474    -0.41646236   
    -0.10237254    -0.15573488    -0.24145686   
    -0.11973922    -0.16004708    -0.5880744    
    -0.054265242   -0.098360543    0.26715765   
    -0.15248347    -0.099662479   -0.14721512   
    -0.076434994    0.0044612147  -0.37895912   
    -0.16386622    -0.18738968    -0.60302107   
    -0.1000717     -0.15120548    -0.39772103   
    -0.16669605    -0.1226935     -0.51985618   
    -0.14241738    -0.27779094    -0.38938973   
    -0.14339892    -0.042498541   -0.14936724   
    -0.18016219    -0.18175032    -0.39868599   
    -0.15409446    -0.17273981    -0.39706521   
     0.088990055   -0.090885239   -0.00012748674
    -0.14116771    -0.12092602    -0.61325396   
    -0.022433385   -0.14874661    -0.25794997   
    -0.078922596   -0.16481291    -0.30059087   
    -0.16090562    -0.25832451    -0.90177462   
    -0.21693147    -0.16378868    -0.64791269   
    -0.15616275    -0.19181311    -0.3804387    
    -0.12891899    -0.22309644    -0.38983699   
    -0.21734167    -0.23921674    -0.3816262    
    -0.018479404   -0.08572522    -0.017321019  
    -0.19661439    -0.12702443    -0.026676412  
    -0.21407098    -0.1539782     -0.41622254   
    -0.24135535    -0.072621505   -0.51965721   
    -0.11825745    -0.024799827   -0.34335312   
    -0.12055328    -0.16872449    -0.025462027  
     0.039838608   -0.095811072   -0.24757235   
    -0.1226134     -0.059451707   -0.24639892   
    -0.18774345    -0.17651817     0.039780337  
    -0.17731506    -0.077632917   -0.15877042   
    -0.14742031    -0.074770206   -0.16398859   
    -0.12651948    -0.046502652    0.28232097   
    -0.12456631    -0.14164711    -0.89737412   
    -0.050365508   -0.03333693    -0.028415191  
    -0.11363033    -0.08021533    -0.60174162   
    -0.12148553    -0.25687416    -0.54069791   
    -0.22598072    -0.14713982    -0.82224793   
    -0.20208287    -0.15499651    -0.36849325   
    -0.10285819    -0.23102479    -0.21108936   
    -0.24755838    -0.074235753    0.1081821    
    -0.084529624   -0.19377652    -0.68056031   
    -0.087889191   -0.081479513   -0.43214552   
    -0.096386122   -0.063772118   -0.30594922   
    -0.09905077    -0.083381783   -0.30263245   
    -0.13430296    -0.30172889    -0.81846813   
    -0.10865096    -0.041590722   -0.28885361   
    -0.14359651    -0.12347456    -0.27925867   
    -0.06666184    -0.13027686    -0.71860905   
    -0.10115621    -0.069315321   -0.48703686   
    -0.091740585   -0.025647202   -0.0072414491 
     0.011163765   -0.049525744    0.13121591   
    -0.15768547    -0.088386444   -0.19628103   
    -0.15761027    -0.13693049    -0.10896391   
    -0.16519125    -0.17199178    -0.63418329   
    -0.12703161    -0.091365548   -0.10903507   
    -0.096605242   -0.1311164     -0.50746598   
    -0.11711891    -0.15137942    -0.14002147   
    -0.072101786   -0.10461515    -0.45030474   
    -0.020300094   -0.23642243    -0.76601925   
    -0.10483804    -0.1396852     -0.19482511   
     0.011902749   -0.098880335   -0.34399099   
    -0.070384137   -0.048368238   -0.21689958   
    -0.10369663    -0.14821526    -0.41273104   
    -0.17279756    -0.17722445    -0.0017289701 
    -0.14100948    -0.064457251   -0.39368697   
    -0.12294223    -0.19495402    -0.33792238   
    -0.028079063   -0.19355586    -0.037465284  
    -0.16486691    -0.12888829    -0.75762003   
    -0.11118565    -0.26830034    -0.74504031   
    -0.10541644    -0.1882182     -0.26837842   
    -0.067691189   -0.082706519    0.21043792   
    -0.15997028    -0.18134852    -0.095409996  
    -0.056116873   -0.093525121   -0.5520466    
    -0.040320293   -0.14623517     0.16170036   
    -0.1835456     -0.08610542    -0.45280069   
    -0.098194739   -0.098837989   -0.76216575   
    -0.033465134    0.065192896    0.35222738   
    -0.17352295    -0.063418124   -0.078684522  
    -0.013236196   -0.16349816    -0.14741075   
    -0.11330119    -0.054892565   -0.34121873   
     0.023831938   -0.11381523     0.019882628  
    -0.24878726    -0.13614357    -0.3137194    
    -0.066635495   -0.1899987     -0.34265584   
    -0.10772485    -0.098763334   -0.84578551   
    -0.07975974    -0.099810898   -0.018253086  
    -0.2502597     -0.12355564    -0.2973451    
    -0.25348307    -0.024471883   -0.24867457   
    -0.029361489   -0.24688802    -0.25990369   
    -0.090686153   -0.10321232    -0.21360669   
    -0.081365861   -0.0052885383  -0.073249706  
    -0.11501656    -0.052160953   -0.42955684   
    -0.18601869    -0.16999032    -0.6499627    
    -0.18220672    -0.082621185   -0.29173483   
    -0.11032891    -0.092278091   -0.44724324   
    -0.14165692    -0.133817      -0.50739474   
    -0.20580604    -0.028011946   -0.26847363   
    -0.17853281    -0.030193931   -0.10791406   
    -0.12547078    -0.036210366   -0.48140261   
    -0.14903509    -0.25408852    -0.16130905   
    -0.13167925    -0.1406575     -0.7107494    
    -0.14618664    -0.15072097    -0.38346791   
    -0.061171227   -0.20325441    -0.41418283   
    -0.1286311     -0.21578847    -0.55144966   
    -0.17431611    -0.047744985   -0.28973832   
    -0.16480011    -0.121335      -0.36183977   
    -0.095411477   -0.048756074   -0.57951162   
    -0.14359598    -0.057720133    0.0413339    
     0.060395147   -0.093311363   -0.58680457   
    -0.1125915     -0.11184498    -0.35769599   
    -0.089222043   -0.11238503    -0.1591189    
    -0.15759236    -0.26525126    -0.21581152   
    -0.19903238    -0.10928271    -0.13107424   
    -0.060927084   -0.10161384    -0.30933347   
    -0.080480103   -0.16472611    -0.12654123   
    -0.034324488   -0.15767079    -0.31895398   
    -0.13927793    -0.16841436    -0.41859151   
    -0.084338361   -0.07343019    -0.76728684   
    -0.13668098    -0.10542107    -0.458123     
    -0.062351359   -0.17739751    -0.48014713   
    -0.074059444   -0.14345133    -0.11465074   
    -0.052035342   -0.068156642    0.086297644  
    -0.090015757   -0.20567288     0.085010823  
    -0.19415691    -0.12369419    -0.3600293    
    -0.1112993     -0.15270969    -0.54078207   
    -0.1790227     -0.06858716     0.33299159   
    -0.04671498    -0.19781514    -0.44403142   
    -0.14155773    -0.13177467    -0.23914299   
    -0.111337      -0.14951858    -0.59063694   
    -0.19908328    -0.10224485    -0.36634533   
    -0.096730096   -0.038130144   -0.49246952   
     0.052562775    0.017921976    0.0024524709 
     0.047721884   -0.074743954   -0.021003687  
    -0.03515948     0.049079408   -0.32427336   
    -0.16922969    -0.13364242    -0.82687374   
    -0.28979054    -0.33981987    -0.67472265   
    -0.13269587    -0.18087014    -0.17382046   
    -0.15607471    -0.069678417   -0.32130711   
    -0.063359991   -0.12001801     0.18006494   
    -0.097707875   -0.18175013     0.012756214  
    -0.12377093    -0.1052375     -0.084541783  
    -0.095621447   -0.1898851     -0.094922352  
    -0.14030783    -0.14090832    -0.11564331   
    -0.027264374   -0.20475806    -0.41696556   
    -0.1470762     -0.38857432    -1.3349087    
    -0.225068      -0.25076874    -0.017176676  
    -0.10481093    -0.021302173   -0.14537809   
    -0.046827226   -0.16478586    -0.2811482    
    -0.090588159   -0.050581707   -0.080109448  
    -0.036094539   -0.14004132    -0.18570556   
    -0.043268958   -0.032494162    0.48636829   
    -0.17385354    -0.13740952     0.03153541   
    -0.15507319    -0.19177563    -0.31285396   
    -0.018637207   -0.2304181     -0.75054722   
    -0.032552685   -0.079558066   -0.37567249   
    -0.1905682     -0.016051805   -0.37590608   
    -0.2654029     -0.11531907    -0.61233171   
    -0.038520699   -0.087366304   -0.53643089   
    -0.061010431   -0.16182323    -0.020469133  
    -0.11125587    -0.061609536   -0.44293692   
    -0.19143843    -0.14088546    -0.47220347   
    -0.20977268    -0.21332257    -0.90326839   
    -0.18258853    -0.12810828    -0.15689378   
    -0.11111686    -0.0080647583  -0.22081449   
    -0.17432638    -0.097787983   -0.69718537   
    -0.14897911    -0.11357607    -0.1845179    
    -0.24128605    -0.062282123   -0.69795593   
    -0.051962875   -0.0043966659  -0.64327905   
    -0.12958689    -0.12005182     0.12469765   
    -0.074249298   -0.18196761    -0.49737119   
    -0.17524376    -0.13379346    -0.60976626   
    -0.13884654    -0.16150407    -0.46787991   
    -0.13264196    -0.096716976   -0.61942146   
    -0.1074267     -0.08223555    -0.23351624   
    -0.095143597    0.025200359   -0.013709175  
    -0.25066592    -0.059815457   -0.60922179   
    -0.10641667    -0.034700252   -0.087145021  
    -0.095784309   -0.12303171    -0.18996323   
    -0.09265049    -0.012502831   -0.54762522   
    -0.22594368    -0.062687829   -0.26968011   
    -0.15773362    -0.13901155    -0.067770422  
    -0.11754474    -0.081337953   -0.7314926    
    -0.0052339636  -0.10523489    -0.1443316    
    -0.1198848     -0.10000604    -0.2743428    
    -0.095557711   -0.082965768   -0.41182709   
    -0.18287985    -0.20995806    -0.35150779   
    -0.14811112    -0.090097249   -0.38703512   
    -0.24263265    -0.19809255    -0.60553028   
    -0.1632624     -0.14042003    -0.83926566   
    -0.1061168     -0.16326532     0.019922547  
     0.02072638    -0.070724228   -0.11425162   
    -0.033403794   -0.04410125    -0.1225453    
    -0.10441207    -0.08619747    -0.16143646   
    -0.073023058   -0.069136108   -0.16282637   
    -0.19243796    -0.027076676   -0.32566269   
    -0.096672518   -0.20298242    -0.65749056   
    -0.25627916    -0.27088101    -0.82610567   
    -0.24886054    -0.23670678    -0.26237136   
    -0.15834335    -0.049504921   -0.0069814314 
    -0.16910942    -0.080594124   -0.55804172   
    -0.077095939   -0.19234258    -0.16702016   
    -0.12708704    -0.19691185    -0.8829009    
    -0.11893482    -0.20872043    -0.85754413   
    -0.11213506     0.009622231   -0.47411804   
    -0.13980633    -0.1649177     -0.76770986   
    -0.05093371    -0.094287268   -0.27111789   
    -0.15086749    -0.13116229    -0.75006099   
    -0.22540803    -0.2090157     -0.77910534   
    -0.023897      -0.15015633    -0.80246424   
    -0.16143479    -0.048855616   -0.052985889  
    -0.23857297    -0.033612865   -0.73293875   
    -0.27176183    -0.11249633    -0.62492671   
    -0.046292432   -0.15776451    -0.26394488   
    -0.03612701    -0.074689257    0.23055718   
    -0.053467556   -0.039316869   -0.339485     
    -0.14024309    -0.19979929     0.018523548  
    -0.093752687   -0.23613754    -0.54926538   
    -0.071858464   -0.033417265   -0.21746085   
    -0.048192939    0.012679998   -0.12355678   
    -0.12303371    -0.16937793    -0.42915495   
    -0.15749384    -0.14181662    -0.30893837   
    -0.13698174    -0.062336759   -0.3228221    
    -0.25182015    -0.10969455    -0.47287483   
    -0.20218337    -0.19394356    -0.023801552  
    -0.045690085   -0.1619107     -0.38658413   
    -0.23933252    -0.1441783     -0.71362517   
     0.03626422    -0.17356853    -0.55039028   
    -0.067960856   -0.23073746    -0.11709374   
    -0.091110931   -0.054823499   -0.086126564  
    -0.17262415    -0.23927375    -0.42599735   
    -0.070254808   -0.17283348    -0.26917665   
    -0.12554825    -0.029558867   -0.36007116   
    -0.033070086    0.0012222504  -0.67211614   
    -0.073034045   -0.14763582     0.045832659  
    -0.051476517   -0.056655681   -0.17308306   
    -0.21711802    -0.20031685    -0.14538442   
    -0.12275897    -0.20513091    -0.23262595   
    -0.22023307    -0.18820737    -0.46614686   
    -0.14785491    -0.10044797    -0.37171534   
    -0.12735734    -0.10075179    -0.49070539   
    -0.0018955672  -0.15347218    -0.15024504   
    -0.14471924    -0.018473616   -0.082054783  
    -0.11021388    -0.2428106     -0.48579235   
    -0.042064887   -0.28357462    -0.49815568   
    -0.085286457   -0.031093448   -0.11973555   
    -0.094987271   -0.11279418    -0.15404161   
    -0.0097412932   0.092985684    0.2322179    
    -0.095032563   -0.10584988    -0.18457454   
    -0.081519139   -0.052601142   -0.063874725  
    -0.051250662   -0.10423041    -0.23904793   
    -0.15111225    -0.13064582    -0.43791376   
    -0.06111791    -0.042257508   -0.44681287   
    -0.19080614    -0.14320692    -0.40475979   
    -0.10220647    -0.058746562    0.0046763074 
    -0.15190782    -0.11715005    -0.49789159   
    -0.15441103    -0.073194422   -0.29969723   
    -0.10270986    -0.072139473   -0.39951068   
    -0.23834023    -0.085775836   -0.46731986   
    -0.19292644    -0.20603202    -0.48674629   
    -0.1549356     -0.22367888    -0.37370143   
    -0.098616172   -0.06125231    -0.47057788   
    -0.12552598    -0.15627692    -0.4853628    
    -0.084315913   -0.11406602    -0.66986118   
    -0.022818214   -0.05557969     0.2089774    
    -0.097600332   -0.14710607    -0.075889078  
    -0.098343441   -0.096409385   -0.51670856   
    -0.12891839    -0.17309793    -0.3887952    
    -0.16231341    -0.18106591    -0.83838136   
    -0.006378406   -0.14731039    -0.048787136  
    -0.030163914    0.00060914524  0.028283392  
    -0.16472348    -0.24042958    -0.37172111   
    -0.20735897    -0.18695188    -0.1364421    
    -0.16325104    -0.18068105    -0.50682476   
    -0.074992094   -0.053221963   -0.6306529    
    -0.12096883    -0.20693511    -0.56092385   
    -0.14843858    -0.12224939    -0.65808741   
    -0.21239459    -0.12108402    -0.19164984   
    -0.10177157    -0.072334686   -0.49169343   
    -0.23118811    -0.11608779    -0.38633902   
    -0.091952693   -0.085752416   -0.43120619   
    -0.11347543    -0.08680124    -0.32560138   
    -0.19724143    -0.20985687    -0.33733689   
    -0.050641566   -0.10588048     0.099763111  
    -0.068790147   -0.194747      -0.40091254   
    -0.11108586    -0.053928784   -0.88454887   
    -0.099438311   -0.081040203   -0.49102867   
    -0.052456127   -0.18669513    -0.23368103   
    -0.069548673   -0.18258273     0.11980351   
    -0.18094937    -0.098841725   -0.46204249   
    -0.1226157     -0.13276952    -0.76346029   
    -0.18235417    -0.1391911     -0.35732507   
    -0.14369262    -0.02313572    -0.47001066   
    -0.091457763   -0.13133894    -0.17010392   
    -0.12882862    -0.1530312     -0.42851593   
    -0.10276628    -0.014225806    0.15771967   
    -0.14150983    -0.059825254   -0.21718462   
    -0.0074018022  -0.091323439   -0.24206937   
    -0.11802261    -0.17067962    -0.60930655   
    -0.080443643   -0.12324279    -0.32963837   
    -0.21302192    -0.085758921   -0.19579587   
    -0.18263196    -0.20111414    -0.83486295   
    -0.15638292    -0.11193636    -0.46799168   
    -0.044966675   -0.24752589    -0.2974506    
    -0.21005876    -0.15251349    -0.78229367   
    -0.24738437    -0.15659046    -0.72568404   
    -0.097731875   -0.12290878    -0.086767527  
    -0.071552466   -0.099600387   -0.27282158   
    -0.16010153    -0.16516111    -0.31452534   
    -0.20996918    -0.18575048    -0.26954253   
    -0.13405036    -0.17760238    -0.97504229   
    -0.15442816    -0.086068384   -0.2935303    
    -0.14086932    -0.11827902    -0.67111222   
    -0.16599289    -0.14251295    -0.612206     
    -0.0087271745  -0.098558567   -0.17906704   
    -0.12470984    -0.0069932559  -0.31666095   
    -0.30751646    -0.1987119     -0.87701563   
    -0.21785642    -0.1529132     -0.076235394  
    -0.14037682    -0.28116009    -0.73069155   
    -0.081446924   -0.2272301      0.0043431312 
    -0.047351149   -0.21534567     0.067426609  
    -0.021264538   -0.17718071    -0.22572776   
    -0.18220585    -0.19509214    -0.94493499   
    -0.14190779    -0.27077305    -0.40888271   
    -0.11109671    -0.18639886    -0.38404097   
    -0.20758769    -0.10990712    -0.14892355   
     0.0067989589  -0.19665358    -0.24219998   
    -0.021463438   -0.18835301    -0.33905747   
    -0.077226559   -0.099399635   -0.37092438   
    -0.020221719   -0.047945157    0.12037864   
    -0.0067773195  -0.12996412     0.059961789  
    -0.10502926    -0.052265495   -0.350314     
    -0.14869368    -0.19713245    -0.62416221   
    -0.14798649    -0.087378122   -0.74885894   
    -0.051176873   -0.064027948   -0.54500639   
    -0.18209461    -0.14795792    -0.059400271  
    -0.12830005    -0.2108947     -0.47380794   
    -0.075664481   -0.16097613    -0.48921896   
    -0.15793269    -0.043923235   -0.35086076   
    -0.067910577   -0.12149018    -0.53681295   
    -0.13486954    -0.20244019    -0.74536883   
    -0.012611739   -0.0019617195   0.23534494   
    -0.21996479    -0.16040139    -0.83097555   
    -0.1434662     -0.045174211   -0.18714924   
    -0.091343237   -0.12414513    -0.81435403   
    -0.024004465   -0.18133613    -0.20435857   
    -0.15287878    -0.015317339   -0.31664737   
    -0.12404446    -0.11923778     0.40639108   
    -0.047139537   -0.18040757    -0.23396649   
    -0.08710903    -0.15968698     0.078336371  
    -0.0038411972  -0.15865697    -0.13098704   
    -0.0852039     -0.049920457   -0.33118391   
     0.05540214    -0.025559803   -0.11219419   
    -0.13588842    -0.17301183    -0.033769718  
    -0.19649848    -0.13770431    -0.70477966   
    -0.15178412    -0.13156834    -0.58149943   
    -0.2241585      0.0028011204  -0.28605212   
    -0.24155448    -0.21778831    -0.39485039   
    -0.15271123    -0.12746774    -0.37431183   
    -0.10304012    -0.17213663    -0.82187172   
    -0.10617159     0.010056068   -0.1148559    
    -0.1100367     -0.016717197    0.05568961   
    -0.097411611   -0.18472611     0.16983639   
    -0.079793032   -0.14222867    -0.50689794   
    -0.11652774     0.009074939    0.083468437  
    -0.074809631   -0.073658821   -0.20739105   
    -0.081517528   -0.12739782    -0.32230431   
    -0.12411056    -0.078193912   -0.24060241   
    -0.11967209    -0.12781164    -0.55966644   
    -0.2050925     -0.18770166    -0.79323175   
    -0.15533228    -0.13378954    -0.026006488  
    -0.070603026   -0.035270948   -0.11439682   
    -0.072607455   -0.036514726   -0.077114808  
    -0.1221662     -0.058333852   -0.36377522   
    -0.17263138    -0.11570386    -0.5814883    
    -0.19716518    -0.26001358    -0.57698358   
    -0.1082687     -0.12990743    -0.80855789   
    -0.12975289    -0.19241596    -0.18066396   
    -0.1652597     -0.097119532   -0.5335691    
    -0.063211567   -0.14887692    -0.42824385   
    -0.091009411   -0.036384693    0.12051816   
    -0.045432647   -0.24610001    -0.56532168   
    -0.014112842   -0.031564236   -0.85592145   
    -0.18396406    -0.14973367    -0.61135275   
    -0.094703448   -0.14542592    -0.54816591   
    -0.063878837   -0.027887603   -0.13346918   
    -0.15316937    -0.09524573    -0.37028858   
    -0.10263638    -0.11729898    -0.91352628   
    -0.17635136    -0.093141473   -0.55507567   
    -0.14384557    -0.03932796     0.034998193  
    -0.11000155    -0.12020622    -0.3894548    
    -0.0073904934  -0.12163678    -0.21213042   
    -0.15132804    -0.15077868    -0.18695943   
    -0.023938711   -0.12815394     0.010655018  
    -0.19682223    -0.10205343    -0.17964804   
    -0.19342432    -0.13614942    -0.54109096   
    -0.17683254    -0.0081720875  -0.15805534   
    -0.15394964    -0.17670837    -1.0589243    
    -0.063897656    0.02508635     0.16531216   
     0.041831428   -0.031334892    0.070831648  
    -0.11553035    -0.073510504   -0.76800741   
    -0.1841263     -0.18910458    -0.45765611   
    -0.10778678    -0.1461486      0.11675499   
    -0.17313577    -0.12060505    -0.4526113    
    -0.12964513    -0.12464405    -0.64253964   
    -0.096515613   -0.18272319    -0.35589598   
    -0.18969418    -0.26175949    -0.54036582   
    -0.044612652   -0.042654766    0.19593097   
    -0.15297723     0.0014075184   0.10255111   
    -0.2011723     -0.073149676   -0.36626284   
    -0.062744822   -0.099332305   -0.16641793   
    -0.047340775   -0.10697005    -0.26140879   
    -0.11532836    -0.22130501    -0.31898865   
    -0.079730451   -0.07167679    -0.334361     
    -0.19584923    -0.062612722   -0.38179223   
    -0.035339742   -0.049009984    0.15164938   
    -0.060450047    0.0079630708  -0.47184574   
    -0.19963579    -0.19964702    -0.41436485   
    -0.12951234    -0.082655873   -0.049989315  
    -0.078079015   -0.064445474    0.054354986  
    -0.21896889    -0.2092708     -0.77872266   
    -0.13830895     0.046180669    0.47919202   
    -0.21865031    -0.16047293    -0.5191713    
    -0.14537445    -0.1441112     -0.33916299   
    -0.23226498    -0.13744665    -0.64015315   
    -0.060414245   -0.02020743     0.10115606   
    -0.11940984    -0.092531078   -0.26085142   
    -0.13884035    -0.17378282    -0.38211478   
    -0.12174001     0.027492984   -0.35831721   
     0.0060520201  -0.085536982    0.15031218   
    -0.11661144    -0.067368955   -0.26554071   
    -0.098368595   -0.14919972    -0.40128023   
    -0.10685406    -0.080431909   -0.17104732   
    -0.28963504    -0.23375771    -0.14791315   
    -0.021538784   -0.036156697   -0.25755675   
    -0.24081153    -0.16632026    -0.35563086   
    -0.068379518   -0.049858135   -0.13280084   
    -0.20654668    -0.15649337    -0.36803255   
    -0.15349047    -0.21823179    -0.76568457   
    -0.048090993    0.0056551195  -0.44513819   
    -0.022654367   -0.20036977    -0.33392797   
    -0.076688989   -0.079712566   -0.75418208   
    -0.019205003   -0.052865255   -0.58864251   
    -0.087532755   -0.14484825    -0.41130072   
    -0.057898585   -0.044565416   -0.19202183   
    -0.17851263    -0.052982849    0.27256195   
    -0.12922667     0.0041795809  -0.12546937   
    -0.13117708    -0.092521782   -0.50340954   
    -0.20114946    -0.12599545    -0.54468201   
    -0.024192649    0.0097752039  -0.63149263   
    -0.15969174    -0.16655789    -0.69524459   
    -0.055057805   -0.11434091    -0.63150324   
    -0.21583018    -0.14168734    -0.45446638   
    -0.12913911    -0.064458104   -0.098705627  
    -0.15508842    -0.0011871169  -0.035433116  
    -0.072508432   -0.10484659    -0.15321102   
    -0.07166289    -0.12028776    -0.60530073   
    -0.19514722    -0.34545664    -0.59267875   
    -0.20406319    -0.19022664    -0.48289971   
    -0.054614761   -0.14988782     0.50539777   
     0.0035332273  -0.14639819    -0.48650492   
    -0.2023866     -0.17526952    -0.5349921    
    -0.074782104   -0.13881588    -0.55744503   
    -0.066504965   -0.089898832    0.12697779   
    -0.17830976    -0.21829132     0.21600678   
    -0.16255359    -0.066418501    0.17471157   
    -0.001908923   -0.084194006    0.2686031    
    -0.085154575   -0.13071937    -0.1903422    
    -0.23027576    -0.19606597    -0.68689904   
    -0.11401656    -0.11063305    -0.58658647   
    -0.19100519    -0.074129347   -0.048009376  
    -0.16467243     0.00028917805  0.0049211086 
    -0.12733784    -0.072034364   -0.28970193   
    -0.09412848    -0.046163329   -0.35496472   
    -0.11656576     0.023885842    0.64130237   
    -0.11737156    -0.12146113    -0.65050285   
    -0.0762644     -0.22167459    -0.26616056   
    -0.11927323    -0.13350983    -0.45219193   
    -0.059663561   -0.023651844   -0.17757169   
    -0.14501496    -0.061116183   -0.71784581   
    -0.11726065    -0.077586988    0.14197762   
    -0.071319153   -0.12543439    -0.09170736   
    -0.17914468    -0.24107083    -0.22661425   
    -0.14793123    -0.17503024    -0.48775637   
    -0.2890157     -0.016263957   -0.50289951   
    -0.092540936   -0.050729684   -0.69678606   
    -0.1102107     -0.21108394    -0.14199837   
    -0.12701458    -0.056317217   -0.12967824   
    -0.12710595    -0.10513567    -0.69031711   
    -0.081195538   -0.10486104    -0.67785792   
    -0.17443162    -0.18163962    -0.26751772   
    -0.13723399    -0.16926879    -0.23498651   
    -0.1965836     -0.099677343   -0.31537362   
    -0.15602654    -0.11798073    -0.20056946   
    -0.13681853    -0.021148065   -0.17755976   
    -0.058912771   -0.1321705     -0.48544764   
    -0.0033498893  -0.16723642    -0.077883154  
    -0.13073547    -0.069453535   -0.45734114   
    -0.089003257   -0.12003147    -0.12856219   
    -0.089613462   -0.15191902    -0.38332793   
    -0.18890134    -0.14811767    -0.44665235   
    -0.18924076    -0.065005847   -0.16751118   
    -0.11093529    -0.12686698    -0.22787817   
    -0.13622066    -0.054676654   -0.48073838   
    -0.048446416   -0.093948588   -0.38932277   
    -0.17397527    -0.21805053    -0.45848527   
    -0.10305699    -0.12687923    -0.018602355  
    -0.21529385    -0.066939756   -0.12275326   
    -0.078236021   -0.018764745   -0.26583728   
    -0.13808733    -0.17017788    -0.00012617003
    -0.16867041    -0.10356112    -0.39106565   
    -0.18175225     0.047487183   -0.11212863   
    -0.03141357    -0.005407607   -0.082114442  
    -0.19903117    -0.17500774    -0.44197163   
    -0.30672734    -0.18198093    -0.79736812   
    -0.13338028    -0.24727327    -0.42817001   
    -0.13827698    -0.13075148     0.20176137   
    -0.20220824    -0.085370592   -0.49119562   
    -0.074191858    0.023505247   -0.72596183   
    -0.16331034    -0.079767458   -0.48384383   
    -0.19910659    -0.15796803    -0.37363202   
    -0.044240542   -0.10426646    -0.11772639   
    -0.14558363    -0.079467649   -0.47082995   
    -0.095306395   -0.079123267   -0.0095237513 
    -0.053052703   -0.095125948   -0.32899247   
    -0.12631931    -0.11203257    -0.11185715   
    -0.18186087     0.034232811   -0.40852079   
    -0.063203649   -0.091160496   -0.064934085  
    -0.14312566    -0.17589799    -0.15594667   
    -0.2095442     -0.15234011    -0.67852547   
    -0.10951933    -0.033222129   -0.36141122   
    -0.038621216   -0.13532637    -0.23680649   
    -0.045133671   -0.15750125    -0.42845113   
    -0.012023713   -0.23398781    -0.57641698   
    -0.068234099   -0.13503957     0.40561318   
    -0.035825577   -0.1591756     -0.45821809   
    -0.10284055    -0.025272252   -0.16695355   
    -0.20863117    -0.26033571    -0.51302323   
     0.029978016   -0.23750878    -0.22730707   
    -0.13304075    -0.14764014    -0.063237358  
    -0.1283421     -0.21565088    -0.27303432   
    -0.051091302   -0.12526312    -0.38394192   
    -0.056947014   -0.14531858    -0.44628903   
    -0.14942001    -0.093268656   -0.12250242   
    -0.094064427   -0.15981232    -0.18812129   
    -0.19958502    -0.14126179    -0.52724314   
    -0.019486782   -0.11892997    -0.2093906    
    -0.17319556    -0.095675563   -0.038577133  
    -0.1058613     -0.072425986    0.032517211  
     0.0045132058  -0.16773515    -0.32606137   
    -0.068061105   -0.14965546    -0.30934032   
    -0.13187154     0.017449758   -0.21642016   
    -0.14381405    -0.10477034     0.14735272   
    -0.13009142    -0.15087061    -0.51300503   
    -0.14066674    -0.011792793   -0.52486037   
    -0.16596652    -0.1605173     -0.048419337  
    -0.19403255    -0.03166524    -0.15925806   
    -0.15371337    -0.19024901    -0.58288354   
    -0.10367329    -0.074658147   -0.13437192   
    -0.12126275    -0.077729342   -0.16721002   
    -0.072353211   -0.12877647    -0.76342368   
    -0.11351635    -0.26253482    -0.78615037   
    -0.12654902    -0.12607061    -0.11573865   
    -0.12074768    -0.16577414    -0.39954218   
    -0.1411827     -0.039168294   -0.35256748   
    -0.15152925    -0.1121986     -0.22078559   
    -0.14589021    -0.064353485   -0.23184219   
    -0.11674792    -0.079510585   -0.83371653   
    -0.12799212    -0.16445559     0.082608233  
    -0.19602789    -0.19213556    -0.96815129   
    -0.061336879   -0.21532922    -0.32478159   
    -0.15523824    -0.087671261   -0.55433673   
    -0.22984119    -0.079517557   -0.2455707    
    -0.1775025     -0.10455165    -0.11357936   
    -0.011082987   -0.099438013    0.18627261   
    -0.20429365    -0.16073443    -0.32476091   
    -0.10923238    -0.036982948   -0.41815285   
    -0.18710974    -0.17387765    -0.54768939   
    -0.078962273   -0.023482082   -0.45482207   
    -0.017148182   -0.044507053    0.19945152   
    -0.10712825    -0.17798396     0.082886796  
    -0.20699465    -0.14139278    -0.33323775   
    -0.12813184    -0.06083003    -0.33210674   
    -0.02400347     0.050591975   -0.035061723  
    -0.17261033    -0.18976339    -0.47266934   
    -0.19909541    -0.19546967    -0.25798732   
    -0.050751472   -0.041223433    0.21012283   
    -0.20600287    -0.023608784   -0.53153367   
    -0.10332868    -0.11973301    -0.3770184    
    -0.21365984    -0.14028619    -1.1105584    
    -0.17525923    -0.2023597     -0.52920207   
    -0.17234401    -0.17498099    -0.39267289   
    -0.17301901    -0.21990953    -0.29163148   
    -0.075304858   -0.13502452    -0.039017193  
    -0.2261854     -0.064036812   -0.17369446   
    -0.15424667    -0.059726396   -0.094576699  
    -0.064965098   -0.17047752    -0.17980795   
    -0.19574809    -0.17256004    -0.78707381   
    -0.10082831    -0.11319769    -0.29127972   
    -0.20854386    -0.21223189    -0.6085809    
    -0.20987186    -0.11720969    -0.40884206   
    -0.11711395    -0.081570527   -0.060434574  
    -0.050708428   -0.087425673   -0.083355455  
    -0.14370798    -0.08345004    -0.28495904   
    -0.13536215    -0.20216075    -0.37198279   
    -0.13547724    -0.21133113    -0.385837     
    -0.164413      -0.17670984    -0.59972995   
    -0.11387529    -0.15635319    -0.67766437   
    -0.04411293    -0.15630697    -0.34117796   
    -0.20900888    -0.2734116     -0.22055205   
    -0.21764412    -0.093227998   -0.25943655   
    -0.16924286    -0.18013601    -0.8253536    
    -0.18776708    -0.22636623    -0.30445331   
    -0.076351079   -0.24047846    -0.52887866   
    -0.072427692   -0.18775379    -0.83126593   
    -0.071464634   -0.10639431    -0.08029048   
    -0.14959193    -0.17078616    -0.31224887   
    -0.11452963    -0.12831692    -0.1219021    
    -0.14648347    -0.04426793    -0.7051984    
    -0.14925367    -0.064114485   -0.52242964   
    -0.2952158     -0.21578156    -0.24462023   
     0.033064685   -0.067082706    0.36725313   
    -0.11766546     0.042924687    0.1411392    
    -0.086547502   -0.10627846    -0.23716228   
    -0.11487007    -0.08491184    -0.018189445  
    -0.15857564    -0.1235198     -0.24722826   
    -0.16640632    -0.1851063     -1.0493515    
    -0.095817081   -0.10626043    -0.27263112   
    -0.20277605    -0.12238677    -0.81071982   
    -0.21747859    -0.22013004    -0.41691612   
    -0.074813073   -0.17769665    -0.26494226   
    -0.12243432    -0.16004379    -0.22188857   
    -0.062957024   -0.13320941    -0.15294785   
    -0.1128138     -0.17734178    -0.33831306   
    -0.03310483    -0.12122205    -0.10401133   
    -0.080717463   -0.11922931    -0.22820641   
    -0.1693907     -0.057401119   -0.54499997   
    -0.10215096    -0.019688611   -0.93698927   
    -0.17153771    -0.14496205    -0.47089606   
    -0.1221218     -0.19463899    -0.71264543   
    -0.040478898   -0.075529171   -0.29740889   
    -0.15361247    -0.1385953     -0.33922133   
    -0.090984378   -0.05857238    -0.021549282  
    -0.066226904   -0.17476048    -0.0087803461 
    -0.15120817    -0.1912952     -0.25919378   
    -0.053219979   -0.075287973   -0.4261823    
    -0.12865588    -0.16494031    -0.69099946   
    -0.12761505    -0.12926381    -0.77508883   
    -0.084401905   -0.1611188     -0.61259439   
    -0.062339447   -0.1313812     -0.042933171  
    -0.058798865   -0.12108456    -0.35744538   
    -0.033756264   -0.17588959    -0.17120241   
    -0.093707069   -0.062853226   -0.50372483   
    -0.088417288   -0.24758324    -0.43672197   
    -0.16343016    -0.12821092    -0.22352052   
    -0.13903432    -0.096937231   -0.43541097   
    -0.1607054      0.013269717   -0.13238005   
    -0.15427894    -0.058050565    0.045992622  
     0.026873218   -0.017608466   -0.33367895   
    -0.13218473    -0.13635039    -0.18857927   
    -0.20545537    -0.15414923    -0.913299     
    -0.082129574   -0.15786126    -0.18552445   
    -0.063422601   -0.04582274    -0.14959242   
    -0.20418644    -0.14129852    -0.82203096   
    -0.14404471    -0.26231373    -0.76759691   
    -0.13338037    -0.066300634   -0.45161841   
    -0.10733435    -0.20618916    -0.53978236   
    -0.045310442   -0.15629301    -0.46442358   
    -0.17768274    -0.17179217    -0.9532362    
    -0.16230415    -0.086942396   -0.42905005   
    -0.22497823    -0.14046682    -0.37031734   
    -0.12961407    -0.15025083     0.0050211895 
    -0.076245302   -0.14170616    -0.55756982   
    -0.056852977   -0.15172493    -0.23715644   
    -0.042490414   -0.11336294     0.11143232   
    -0.090689933   -0.13350375     0.23691909   
    -0.096305432   -0.22228637    -0.60494012   
    -0.12910954    -0.14109396    -0.54922629   
    -0.029313803    0.010925083   -0.023589359  
    -0.19658735    -0.19726396    -0.59703108   
    -0.061647042   -0.14461321    -0.50342813   
    -0.13369762    -0.026208371   -0.1728776    
    -0.16486849    -0.13521867    -0.68803081   
     0.077314942    0.077351728    0.48498454   
    -0.12723992    -0.12335405    -0.8113234    
    -0.096073915   -0.14117383    -0.21737019   
    -0.11344559    -0.09165139    -0.72174835   
    -0.12229793    -0.22209543    -0.25035505   
    -0.15291191    -0.15189823    -0.54652825   
    -0.12413996    -0.092029298   -0.28027348   
    -0.00022747227 -0.048392208    0.12773039   
    -0.072754781   -0.13183085    -0.38056522   
    -0.1651279     -0.1331408     -0.27733731   
    -0.0040032807  -0.038489435   -0.20762951   
    -0.11689386    -0.16088099    -0.30574405   
    -0.070261386   -0.06429132    -0.54413048   
    -0.13159626    -0.12343937    -0.68612508   
    -0.11674063    -0.061504917    0.26442641   
    -0.17561779    -0.092979347   -0.17934231   
    -0.11773807    -0.02143771    -0.46836456   
    -0.18463455    -0.30377196    -0.38615503   
    -0.079513467   -0.20613277    -0.27430629   
    -0.06125659    -0.20690069    -0.67042518   
    -0.081171061   -0.20876902    -1.0156265    
    -0.19021406    -0.14029039    -0.40588314   
    -0.081699164   -0.14655138    -0.47794045   
    -0.20926329    -0.10980054     0.014580394  
    -0.26133288    -0.17249877    -0.30186067   
    -0.137323      -0.1106135      0.029427682  
    -0.09097052     0.018270519   -0.274513     
    -0.16410858    -0.12140314    -0.11710566   
    -0.16142968    -0.03621752    -0.22740906   
    -0.052095333   -0.1019286     -0.15411458   
    -0.09204173    -0.090150724   -0.17537508   
    -0.17400891    -0.086241617   -0.57768168   
    -0.13896687    -0.11079683    -0.54451044   
    -0.030381505   -0.1644573     -0.6574434    
    -0.070083733   -0.11306125    -0.22343039   
    -0.077175669    0.058254865   -0.20375812   
    -0.12433551    -0.07705575    -0.30632919   
    -0.12240561    -0.060000602   -0.57473262   
    -0.1293218     -0.13070166    -0.15615069   
    -0.11147036    -0.23467145    -0.75336286   
    -0.088479289   -0.11109003    -0.24680293   
    -0.1107516     -0.17449379    -0.59075161   
    -0.22038208    -0.14522909    -0.52473688   
    -0.21495888    -0.1680983     -0.561412     
    -0.12937766    -0.038423244   -0.62160764   
     0.032484054    0.036547021    0.068775067  
    -0.15978481    -0.082442719   -0.67185332   
    -0.11184607    -0.074185574   -0.46190229   
    -0.030598995   -0.065022227   -0.12641059   
    -0.15384853    -0.16248632    -0.50171649   
     0.0036952581  -0.098136054    0.00035824084
    -0.35852806    -0.22191415    -0.70085511   
    -0.24906702    -0.060243503   -0.42512314   
    -0.093216522   -0.08943535    -0.42629774   
    -0.091153712   -0.14204867    -0.45762481   
    -0.089698001   -0.077557241   -0.47566116   
    -0.08743359    -0.10660213    -0.15253136   
    -0.015233082   -0.030405034   -0.39594051   
    -0.090796735   -0.17644078    -0.41141983   
    -0.08228101    -0.16309311    -0.48784716   
    -0.14034971    -0.010155013   -0.91175173   
    -0.025292894   -0.13260352    -0.055549251  
    -0.018056728   -0.050213856   -0.28426245   
    -0.099702037   -0.22101811    -0.62957283   
    -0.042128916   -0.21789672    -0.65578101   
     0.061830673    0.014660278   -0.2074755    
    -0.13190799    -0.098883798    0.099936679  
    -0.077363847   -0.026244263    0.016350117  
    -0.027690642   -0.13373854    -0.3993387    
    -0.034069195   -0.096801217    0.10460689   
    -0.25216419    -0.12615598    -0.58817208   
    -0.14316361    -0.074420237    0.10165182   
    -0.1446233     -0.13287115    -0.52550389   
    -0.10325658    -0.045506723   -0.13419843   
    -0.075464387   -0.18866433    -0.31729977   
    -0.099441578   -0.14814554     0.15281751   
    -0.068880554   -0.11575971    -0.17315434   
    -0.085099892   -0.11565016    -0.48252505   
    -0.073513434   -0.079894823   -0.28199682   
    -0.052977524   -0.11176924    -0.46619307   
    -0.13081348    -0.06058904    -0.45299296   
    -0.11325399    -0.14410996    -0.053023031  
    -0.21625438    -0.17012091    -0.83844075   
     0.00047512788 -0.11447885     0.10754388   
    -0.2057502     -0.16570355     0.051593267  
    -0.18350116    -0.06451354    -0.025900267  
    -0.072865272   -0.13066115    -0.79296043   
    -0.14880492    -0.099415109   -0.80758882   
    -0.10593257    -0.22463498    -0.34817093   
    -0.04109888     0.019004768   -0.3640257    
    -0.066916157   -0.24943616    -0.66281092   
    -0.16590313    -0.087296376   -0.51139916   
    -0.11642707    -0.16023822    -0.056723055  
    -0.15908066    -0.26456321    -0.091005348  
    -0.18450455    -0.017928705   -0.19755535   
    -0.067865929   -0.10049772     0.13767264   
    -0.29320473    -0.098153588   -0.45629812   
    -0.11888162    -0.12779437    -0.30334221   
    -0.10458801    -0.080275513   -0.34768747   
    -0.14090463     0.0030326289  -0.1583248    
    -0.18129831    -0.17997055    -0.28364195   
    -0.078029298   -0.051639237   -0.15153566   
    -0.17235208    -0.10735574    -0.15043634   
    -0.17698459    -0.20569212    -0.76193723   
    -0.14097772     0.019267961   -0.011823931  
    -0.18120722    -0.22021579    -0.65466423   
    -0.22881502    -0.30474733    -0.6919266    
    -0.12207665    -0.129005      -0.15051425   
    -0.012690941   -0.068392371    0.061959133  
    -0.098287083   -0.11939621    -0.18892759   
    -0.12324627    -0.089096046   -0.32334686   
    -0.16771807    -0.10567056    -0.042256519  
    -0.013719783   -0.15586671    -0.24069179   
    -0.061370916   -0.13873399    -0.13184427   
    -0.16538936    -0.14430197    -0.44737021   
    -0.12482624    -0.10423089    -0.16416034   
    -0.18244294    -0.21014549    -0.75484668   
    -0.00075968368 -0.13868483    -0.45470383   
    -0.12741299    -0.005683885   -0.064581838  
    -0.22023721    -0.085283195   -0.4378483    
    -0.20797686    -0.11779684    -0.35104393   
     0.07216754    -0.095438408   -0.18881278   
    -0.10996277    -0.15787166    -0.21701289   
    -0.11348183    -0.1133415     -0.35092452   
    -0.1398308     -0.20348617    -0.38521674   
    -0.1892559     -0.20373236    -0.43816575   
    -0.1052593     -0.12686956    -0.39145486   
    -0.033793412   -0.14154166    -0.55557545   
    -0.071403536   -0.1298477     -0.17876635   
    -0.10079973    -0.092444849   -0.7001732    
    -0.11927449    -0.0035612607  -0.12052742   
    -0.10218837    -0.0099392433  -0.65241447   
    -0.21675136    -0.18227478    -0.21529103   
    -0.093885472   -0.063624829   -0.15526418   
    -0.18822735    -0.15146281    -0.75329807   
    -0.11733827    -0.15457126    -0.47637892   
    -0.13488087    -0.19361857    -0.25899939   
    -0.10749453    -0.14136171    -0.085575973  
    -0.055868945   -0.024017296    0.15143005   
    -0.1284688     -0.1397239     -0.34608852   
    -0.25430736    -0.17889505    -0.23739882   
    -0.11617809    -0.18029329    -0.47775261   
    -0.27326322    -0.050475891   -0.23437984   
    -0.12543354    -0.016103032   -0.43328945   
    -0.19352501    -0.17857627    -0.7448599    
    -0.18095551    -0.1982863     -0.89684125   
    -0.12541841    -0.081693458   -0.049135426  
    -0.21243436    -0.20869836    -0.21387101   
     0.0068664048  -0.090327892   -0.18118663   
    -0.084829949   -0.1391831     -0.42350343   
    -0.12120062    -0.14279729    -0.21676389   
    -0.1026864     -0.072481749   -0.03839219   
    -0.11357472    -0.21949088     0.30607201   
    -0.062074582   -0.14839525    -0.38964857   
    -0.17917766    -0.14555796    -0.38403679   
    -0.21511497    -0.15243122    -0.56015821   
    -0.054024118   -0.12288519    -0.26703109   
    -0.15028131    -0.076006961   -0.56515542   
    -0.089066129   -0.15365378    -0.37232904   
    -0.12681452    -0.031365511   -0.14230598   
    -0.2332492     -0.075142536   -0.49738468   
     0.016588108   -0.067445401   -0.26155603   
    -0.18708007    -0.10790546    -0.39060667   
    -0.13705802    -0.13159129    -0.61810336   
    -0.10444928    -0.020825314    0.069715649  
    -0.047288578    0.0075856461  -0.70760607   
    -0.10401717    -0.027514151   -0.654994     
    -0.04846071    -0.1148361     -0.51727074   
    -0.1102828     -0.066625218   -0.2710529    
    -0.21883413    -0.15273271    -1.0034576    
    -0.14512136    -0.088804717   -0.019313498  
    -0.062173923   -0.21292079    -0.37963461   
    -0.18128364    -0.091444537   -0.22329715   
    -0.032248788   -0.086643055    0.0065852353 
     0.0078671357  -0.01437356     0.022558935  
    -0.16987858    -0.034836262   -0.32632278   
    -0.010567973   -0.04602456     0.042536375  
    -0.20510282    -0.068337779   -0.14841457   
     0.0052759455  -0.18039587    -0.31033653   
    -0.10200689    -0.019384656   -0.073208036  
    -0.18489887    -0.23512736    -0.95752276   
    -0.13753067    -0.19533902    -0.23667246   
    -0.22153273    -0.17383336    -0.31943118   
    -0.080021335   -0.18638299    -0.22468924   
    -0.12753523    -0.1664        -0.55234904   
    -0.13064781    -0.079335831    5.2691232e-05
    -0.12570209    -0.052603963   -0.35751852   
    -0.058112029   -0.19725258    -0.24057173   
    -0.066156611   -0.21646404    -0.58921821   
    -0.12297801    -0.25710346    -0.19945999   
    -0.13676655    -0.12678927    -0.34506323   
    -0.13120875    -0.017652308   -0.18575377   
    -0.10486013    -0.1509746     -0.28794526   
    -0.18400683    -0.027662003   -0.83009471   
    -0.077138456   -0.095491563   -0.2704331    
    -0.1437272     -0.13531114    -0.21255128   
    -0.09177124    -0.086883369   -0.34544405   
    -0.36201537    -0.28601552    -0.61454635   
    -0.10426633    -0.090237119   -0.52241738   
    -0.26849294    -0.115522      -0.43422135   
    -0.21345349    -0.085253605   -0.22013027   
    -0.15891761    -0.10181894    -0.26579188   
    -0.17895446    -0.1451145     -0.52953562   
    -0.18838247    -0.14246849    -0.26952187   
    -0.13998651    -0.32373279    -0.39227404   
    -0.04523327    -0.13920381    -0.12165857   
    -0.14543101    -0.16569259    -0.40897924   
     0.040628102   -0.11659631    -0.14569367   
    -0.097907656   -0.10804793    -0.33707809   
    -0.17228413    -0.15570006    -0.50818929   
    -0.18090386    -0.13503867    -0.34907089   
    -0.13457861    -0.14060552     0.038547165  
    -0.21488178    -0.15111661    -0.46272904   
    -0.14397556    -0.18727642    -0.49150444   
    -0.11902413    -0.10553481    -0.9667479    
    -0.10819154    -0.17312505    -0.2923031    
    -0.068064594   -0.13334404    -0.6384807    
    -0.039768073   -0.15858295    -0.37629097   
    -0.072948666   -0.051790489   -0.30321537   
    -0.09211522    -0.011491961    0.018498311  
    -0.16140619    -0.23252862    -0.537609     
    -0.013289292   -0.09948668    -0.19199282   
    -0.16201823    -0.06517383    -0.58161258   
    -0.15529007    -0.17342747    -0.60786055   
    -0.087201345   -0.11186218    -0.28790196   
    -0.20056781    -0.052086505   -0.74101532   
    -0.19913279    -0.14913641    -0.12440663   
    -0.23002072    -0.16644803    -0.32448615   
    -0.19547105    -0.13256097    -0.8515009    
    -0.15976665    -0.25008439    -0.43383026   
    -0.18024885    -0.058095906   -0.13997926   
    -0.098520605   -0.20754323    -0.90072504   
    -0.076415839   -0.12860557    -0.57530109   
    -0.19936346    -0.057601505   -0.54307484   
    -0.11364397    -0.057533771   -0.34486183   
    -0.088018592   -0.24055603    -0.90066074   
    -0.17783377    -0.22680986    -0.41168858   
    -0.071493462   -0.0022166929  -0.090664681  
    -0.17305738    -0.086985128   -0.35407183   
    -0.1037537     -0.1840004     -0.30690914   
    -0.13445657    -0.19534761     0.042415923  
     0.022679798   -0.047288407   -0.13208059   
    -0.12229388    -0.22898837    -0.71600036   
    -0.13149767    -0.065462703   -0.38488487   
    -0.081200659   -0.1844193     -0.56472563   
    -0.052694951   -0.13511028    -0.42900621   
    -0.14659708    -0.20220553    -0.57832713   
    -0.17416664    -0.23410771    -0.60572056   
    -0.24065264    -0.082097177   -0.24825794   
     0.034505015   -0.060883497    0.081272508  
    -0.073539052   -0.077392996   -0.55734329   
    -0.17363981    -0.028126901   -0.53513448   
    -0.22664872    -0.13272549    -0.59748785   
    -0.033542119   -0.11743393    -0.44228459   
    -0.21167145    -0.16051239    -0.18558403   
    -0.11425711    -0.16596524    -0.53189088   
    -0.11752991    -0.17259779    -0.45785641   
    -0.041354613   -0.11354675    -0.33513985   
    -0.19932999    -0.15312882    -0.82696796   
    -0.10204863    -0.13988029    -0.55686303   
    -0.15249256    -0.087817301   -0.1383065    
    -0.15933393    -0.17415884    -0.11390477   
    -0.18548653    -0.1526966     -0.10191351   
    -0.24300398    -0.19941555    -0.38389218   
    -0.29251925    -0.10981464    -0.58598678   
    -0.14045302    -0.070725114   -0.57862417   
    -0.067856154   -0.024075858    0.40362728   
    -0.097865801   -0.049027858   -0.081348437  
    -0.2412598     -0.10440306    -0.61979081   
    -0.12684947    -0.078213642   -0.49847842   
    -0.10498019    -0.22641815    -0.59245456   
    -0.075420518   -0.091862696   -0.41588989   
    -0.17668589    -0.2338746     -0.48935816   
    -0.13484755    -0.10421492    -0.20949123   
    -0.074810114   -0.094398831   -0.48663675   
    -0.18435801    -0.089291045   -0.42356876   
    -0.19846916    -0.082920628   -0.057588719  
    -0.065802811   -0.093777174    0.08923503   
    -0.063885366   -0.06494519    -0.091381795  
     0.0018565128  -0.13855342    -0.47647851   
    -0.15093843    -0.16493638    -0.39860166   
    -0.16483848    -0.1655869     -0.62812619   
    -0.19130359    -0.13389966    -0.49405774   
    -0.097639076   -0.1243245     -0.3838317    
    -0.15787089    -0.20101732    -0.31079034   
    -0.033467379   -0.15579501    -0.20023568   
    -0.07678741    -0.12616542    -0.32974059   
    -0.064474389   -0.11013018    -0.15809968   
    -0.10583799    -0.12733432    -0.27887168   
     0.010846195    0.0043927944  -0.16624236   
    -0.14546338    -0.14120836    -0.16756993   
     0.031429155   -0.093105532    0.22139656   
    -0.064760973   -0.074721719   -0.56349356   
    -0.23680348    -0.17495062    -0.43976357   
    -0.13791924    -0.1931668     -0.270898     
    -0.14484166    -0.19248914     0.2569548    
    -0.20518415    -0.12148255    -0.69766914   
    -0.089434904   -0.09610089    -0.30563405   
    -0.091589391   -0.085443646   -0.20333009   
    -0.19375034    -0.021837753   -0.69161762   
    -0.26991673    -0.21421753    -0.5904304    
    -0.063935322   -0.16293318    -0.28442011   
    -0.14064245    -0.05337385    -0.61368754   
    -0.050930633   -0.16726121    -0.0079752786 
    -0.29022379    -0.18308365    -0.57599657   
    -0.17966454    -0.10004403    -0.55522735   
    -0.23284175    -0.16247303    -0.66945245   
    -0.12554022    -0.12930244    -0.66550359   
    -0.049380689   -0.19516579    -0.33210714   
    -0.15045632    -0.065660903   -0.32073841   
    -0.22924353    -0.12084494    -0.12757562   
    -0.19137728    -0.16684084    -0.70432416   
    -0.17308649    -0.18248656    -0.47703649   
    -0.09217094    -0.067755111   -0.38826416   
    -0.17278555    -0.097711023   -0.2017468    
    -0.10800425    -0.051534126   -0.002538009  
    -0.1078328     -0.077265875   -0.14583576   
    -0.14831485    -0.15014286    -0.316459     
    -0.20600331    -0.094816243   -0.14534292   
    -0.12150673    -0.14214232    -0.61842731   
    -0.20460089    -0.12604984    -0.62911915   
    -0.14649353    -0.1054484     -0.042543828  
     0.036626477   -0.10463187     0.015162925  
    -0.18608142    -0.20872186    -0.18476914   
     0.0017925976   0.013043936    0.26200461   
    -0.14400548    -0.15202278    -0.69263033   
    -0.070557754   -0.12777973    -0.49741064   
    -0.22777624    -0.087963474   -0.56921678   
    -0.092642118   -0.092802809   -0.31341492   
    -0.14284944    -0.064727534   -0.15308758   
    -0.17411066    -0.081933329   -0.45747181   
    -0.16858697    -0.12038043    -0.35639878   
    -0.095929685   -0.066236833   -0.18648491   
    -0.11227978    -0.050485632   -0.30049101   
    -0.060009245   -0.033919463   -0.35563839   
    -0.053185433   -0.18541336    -0.56494693   
    -0.11935574    -0.014891084   -0.40970098   
    -0.08989132     0.017944376   -0.0044891627 
    -0.13176287    -0.11109462    -0.43307389   
    -0.077324952   -0.10854972     0.074817485  
    -0.15011781    -0.10166761     0.22598869   
    -0.090910573   -0.19300489    -0.38727849   
    -0.10464701    -0.30522274    -0.55587951   
    -0.14531643    -0.07266014    -0.0084517758 
    -0.053781156   -0.064186239    0.0042105008 
    -0.14090579     0.0065994014  -0.60756856   
    -0.066583874   -0.15057931    -0.59125949   
    -0.083951329   -0.062356741   -0.081571018  
    -0.29367751    -0.20828138    -0.42111266   
     0.022376683   -0.074426311   -0.11115425   
    -0.21882447    -0.088927377   -0.5606661    
    -0.18239333    -0.20482733    -0.80810349   
    -0.2049226     -0.1201463     -0.69744483   
    -0.050561018   -0.01024457    -0.25320708   
    -0.14626174    -0.002817572   -0.36815548   
    -0.11945143    -0.18076814    -0.3216168    
    -0.18779203    -0.11605266    -0.42857754   
    -0.12775902    -0.072716999   -0.5104133    
     0.001249156   -0.092534155   -0.34892852   
    -0.047596731   -0.039707084    0.0093908583 
    -0.12723248    -0.1188627     -0.90229052   
    -0.13431543    -0.084931169   -0.077906281  
    -0.075234986   -0.009067352   -0.044895657  
    -0.22419799    -0.31978648    -0.34028698   
    -0.094305596   -0.12413162    -0.26388625   
    -0.23841918    -0.082499584   -0.6253945    
    -0.15936068    -0.2091703     -0.49095567   
    -0.085349972   -0.14137013     0.037413234  
    -0.086860991   -0.084241367   -0.2168261    
    -0.082866051   -0.15446653    -0.36945208   
    -0.14257665    -0.15282633    -0.21917442   
    -0.0068242303  -0.19468763    -0.12698119   
    -0.096946894   -0.12459791    -0.69900286   
    -0.064304772   -0.082529681   -0.33813716   
    -0.067131254   -0.02561261     0.22320258   
    -0.092635376    0.081149203   -0.13418424   
    -0.14543925    -0.22330769    -0.39659927   
    -0.23220334    -0.15013858    -0.20329367   
    -0.165039      -0.24403068    -0.58099636   
    -0.081039575   -0.064215088   -0.20604952   
    -0.16079092    -0.063356762    0.11391336   
    -0.10281255    -0.14197363    -0.02573937   
    -0.0524746     -0.11751575    -0.22644941   
     0.027972663   -0.08715302    -0.40939893   
    -0.11818989    -0.05792318    -0.47798581   
    -0.20708531    -0.17304301    -0.71682512   
    -0.15727313    -0.066309359   -0.31667669   
    -0.11016129    -0.15607776     0.17078273   
    -0.062073842   -0.049914768   -0.1067656    
    -0.025242539   -0.11681038    -0.3781053    
    -0.077001593   -0.096930883   -0.23143721   
    -0.099361516   -0.19812966     0.27310193   
    -0.12534237    -0.091709949   -0.080994399  
    -0.12996725    -0.060948619   -0.28617691   
    -0.21232451    -0.1247778     -0.33873244   
    -0.078360115   -0.081732652   -0.38198094   
    -0.028630655   -0.038750025    0.25221357   
    -0.019448907   -0.12636292     0.058558337  
    -0.10155811    -0.060048099   -0.085383839  
    -0.15644737    -0.15834582    -0.43231398   
    -0.086360414   -0.038601571   -0.63014326   
    -0.17227307    -0.07410464    -0.32812044   
    -0.077587421   -0.15093926    -0.6334997    
    -0.15473511    -0.1721607     -0.37428243   
    -0.085919998   -0.02597939    -0.39600053   
    -0.10515198    -0.071017346   -0.45410906   
    -0.093014013   -0.14525359    -0.6948064    
    -0.12314709    -0.19756894    -0.33902938   
    -0.13298981    -0.19223919    -0.32081419   
    -0.16396916    -0.13332253    -0.50872192   
    -0.012066184   -0.071211566   -0.32822363   
    -0.16887121    -0.23529968    -0.4132043    
    -0.099584538   -0.25663379    -0.61300509   
    -0.17437448    -0.091839783   -0.21300663   
    -0.11410273    -0.11530339    -0.0014129372 
    -0.22214532    -0.1650803     -0.58345804   
    -0.23688294    -0.11091328    -0.7329922    
    -0.11380893    -0.181532      -0.46734186   
    -0.072532514   -0.21249679    -0.044471686  
    -0.090011371   -0.0013251594  -0.06406248   
    -0.12773269    -0.13933127    -0.5307038    
    -0.13087656    -0.17090908    -0.42784804   
    -0.011955677   -0.077373618   -0.22414523   
    -0.011635314   -0.070320005    0.29309753   
    -0.13597126    -0.18941716    -0.75903393   
    -0.08848284    -0.11947847     0.21225465   
    -0.17020729    -0.17093337    -0.53139525   
    -0.092770329   -0.19241439    -0.26309234   
    -0.059221922   -0.092092143   -0.18967613   
    -0.023740007   -0.18347708    -0.069602095  
    -0.12190904    -0.15080207    -0.48596966   
    -0.27060343    -0.19650674    -0.7152562    
     0.019333321   -0.0045257828   0.059067998  
    -0.010687266   -0.082984173   -0.14771013   
    -0.13649463    -0.1775113     -0.31237908   
    -0.16931982    -0.18814292    -0.33954972   
    -0.12830336    -0.17111772    -0.68840574   
    -0.05928029    -0.12297522    -0.1786378    
    -0.035261432   -0.05376468    -0.31031486   
    -0.037971331   -0.04219296    -0.032066269  
     0.021516409   -0.14032793    -0.28336203   
    -0.10285444    -0.13688939    -0.099319202  
    -0.11773519    -0.074316843   -0.60363214   
    -0.094766666   -0.24386149    -0.0075397348 
    -0.19603373    -0.17845366    -0.066841925  
    -0.25762031    -0.14472612    -0.57141205   
    -0.1409265     -0.049547262   -0.19043178   
    -0.13316519    -0.11994177    -0.10422707   
    -0.11286879    -0.071156118   -0.34599597   
    -0.03867212    -0.15360268    -0.17671996   
    -0.098761124   -0.057911455   -0.2047624    
    -0.11509796    -0.21412305    -0.43766931   
    -0.098190674   -0.12810532    -0.27910995   
    -0.07455235    -0.038440663   -0.47932546   
    -0.16937869    -0.23564958    -0.50550373   
    -0.097974584   -0.069170998   -0.45105398   
    -0.093754169   -0.11148219    -0.50621645   
    -0.0067234778  -0.088445536   -0.06813653   
    -0.098645038   -0.099207948   -0.049438297  
    -0.057773779   -0.17970799    -0.26690267   
    -0.11180471    -0.18582283    -0.5406788    
    -0.15123943    -0.23142022    -0.49748265   
    -0.094648842   -0.068329909   -0.17721604   
    -0.15181831    -0.091463545   -0.31841035   
    -0.0325809     -0.1000806     -0.45116692   
    -0.11161683    -0.013734296   -0.49763429   
     0.018835289   -0.074483197    0.15690827   
    -0.18229917    -0.17102541    -0.64694322   
    -0.12690006    -0.12152623    -0.44754921   
    -0.060365513   -0.080535217    0.47597992   
    -0.12952369    -0.19316291    -0.35573024   
    -0.20470387    -0.21199505     0.00025228037
    -0.14419344     0.012747353   -0.24481335   
     0.059054021    0.045041832    0.65962929   
    -0.066133407   -0.10696241    -0.092951484  
    -0.076140634    0.0058372877  -0.34576205   
    -0.085756546   -0.14600577    -0.20434671   
    -0.13860157    -0.087885911   -0.62689602   
    -0.1128742     -0.15084561    -0.069348507  
    -0.014930515   -0.088451578   -0.31575426   
    -0.10643309    -0.055776002   -0.15013535   
    -0.2639428     -0.27591006    -0.55002909   
    -0.13155577    -0.097815532   -0.094386428  
    -0.17067477    -0.16830033    -0.51160377   
    -0.10143948    -0.12321267    -0.41784214   
    -0.12745548    -0.18545604    -0.0030455364 
    -0.12360587    -0.15603247    -0.52008143   
    -0.086553715   -0.10134853    -0.35031365   
    -0.095347004   -0.12073546    -0.12694061   
    -0.091715132    0.0076190706  -0.29462628   
    -0.16222873    -0.17526551    -0.57711636   
    -0.12764381    -0.17412592    -0.22548587   
    -0.044794376   -0.053113359   -0.55121308   
    -0.11022842     0.0070364541  -0.00559212   
    -0.10392453    -0.10621469    -0.04707653   
    -0.11490137    -0.063799778   -0.71339379   
    -0.16574042    -0.10138695    -0.84973698   
    -0.15100037    -0.21556006    -0.21952983   
    -0.13215748    -0.11037462    -0.76868031   
    -0.11384129    -0.10798305    -0.021467372  
    -0.048209971   -0.07339877     0.33290531   
    -0.178548      -0.12573568    -0.37122724   
    -0.14264893    -0.25170587    -0.48031089   
    -0.18503109    -0.18666276    -0.52754596   
    -0.12828151    -0.11137013    -0.28611528   
    -0.14539435    -0.050575852   -0.37489731   
    -0.13958286    -0.16920167    -0.45991925   
    -0.0063625394  -0.13776286    -0.25030739   
    -0.09232283    -0.060569861   -0.31002683   
    -0.18591306    -0.098709321    0.014727328  
    -0.086900467   -0.10395484    -0.037223765  
    -0.025909722   -0.098457883   -0.22667537   
    -0.14149401    -0.13159092    -0.1496705    
    -0.19593143    -0.076311926   -0.65735088   
    -0.12136061    -0.042268518   -0.54995938   
    -0.1771572     -0.16095607    -0.45010297   
    -0.1804118     -0.08315024    -0.51092347   
    -0.10953544    -0.18972782    -0.39929163   
    -0.10922515    -0.1608209     -0.54059817   
    -0.055204682   -0.094630551   -0.18565241   
    -0.11807204    -0.13853554    -0.27765582   
    -0.084959499   -0.13215026    -0.14712988   
    -0.085404905   -0.12050753    -0.095979402  
    -0.061088273   -0.06197923    -0.52542837   
    -0.053534321   -0.22798012    -0.45142735   
    -0.20381905    -0.1224049     -0.34593989   
    -0.13937932    -0.11728625     0.053303468  
    -0.070904879   -0.033349622   -0.35185219   
    -0.062443121   -0.087598008   -0.21839309   
    -0.066521616   -0.13692271    -0.47015937   
    -0.10195601    -0.072923496   -0.41132522   
    -0.17636046    -0.08790932    -0.3757688    
    -0.080405814   -0.044239767   -0.13169426   
    -0.14744553    -0.26405397    -0.49012925   
    -0.13932654    -0.089729703   -0.2332186    
    -0.21183365    -0.24013218    -0.095797353  
    -0.14034402    -0.11769643    -0.089552468  
    -0.053963246   -0.061287118   -0.17591965   
    -0.25394273    -0.15149258    -0.016900277  
    -0.09488196    -0.098561114   -0.25845197   
    -0.07598256    -0.044978636   -0.045868537  
    -0.20986175    -0.11753801    -0.30669087   
    -0.1136307     -0.090189564   -0.29604793   
    -0.11711894    -0.090830029   -0.12907311   
    -0.15334258    -0.21057546    -0.51603491   
    -0.18128211    -0.18767244    -0.54244736   
    -0.055366707    0.033024182    0.052389362  
    -0.091373103   -0.23251279    -0.40501648   
    -0.093237683   -0.11354546    -0.30114057   
    -0.069260524   -0.066207455   -0.069016201  
    -0.17265264     0.010655475    0.0056963793 
    -0.026566446   -0.12787082     0.071962659  
     0.040188209   -0.003367523    0.16444788   
    -0.011507435   -0.11314062    -0.75392341   
    -0.11515126    -0.046953162    0.042060249  
    -0.17902825    -0.15849126    -0.30633146   
    -0.042088447   -0.055262371    0.093143533  
    -0.0066922696  -0.039517609   -0.25289424   
    -0.13872076    -0.13343506    -0.082160715  
    -0.13048417    -0.14394332    -0.16343586   
    -0.1253334     -0.12407668    -0.428181     
    -0.094789335   -0.094360576   -0.094520249  
    -0.09583734    -0.050264737   -0.13555897   
    -0.25065279    -0.29487018    -0.53958155   
    -0.12343873    -0.10008077     0.053992412  
    -0.15267004    -0.19123431    -0.28820045   
    -0.094901098   -0.2338556     -0.23845355   
    -0.020018943   -0.20699256    -0.24373824   
    -0.049467079   -0.07375055    -0.75103971   
    -0.10453416    -0.082858971   -0.30335353   
    -0.16123121    -0.10199497    -0.69330832   
    -0.064871945   -0.067655933   -0.27513153   
    -0.19653032    -0.074816558   -0.85127582   
    -0.067696032   -0.15012035    -0.51521165   
    -0.12865298    -0.044561419    0.14589727   
    -0.11944766    -0.075070009    0.15247988   
    -0.21809759    -0.097027688   -0.17360908   
    -0.077492625   -0.13529808    -0.13004393   
    -0.076954967   -0.044214182    0.23254902   
    -0.026075557   -0.12418081    -0.75092058   
    -0.02894806    -0.098455363   -0.20953699   
    -0.12126899    -0.18425322    -0.5327315    
    -0.22512701    -0.13813327    -0.39736871   
    -0.1683437     -0.15211895    -0.049430676  
    -0.067413639   -0.057368731   -0.32189205   
    -0.19959649    -0.15460124    -0.7782157    
    -0.16317247    -0.097472578   -0.39527006   
    -0.1254145     -0.20755924     0.048086896  
     0.024685158   -0.083742052   -0.1991672    
    -0.14923793     0.0012426461  -0.33027511   
    -0.15169052    -0.25274158    -0.42821656   
    -0.074885556   -0.089229536   -1.178262     
    -0.16453025    -0.13203733    -0.59595651   
    -0.18350504    -0.22584572    -0.76256168   
    -0.034150396   -0.066475518   -0.098399194  
    -0.1285709     -0.16330683    -0.33971018   
    -0.11903469    -0.03253675    -0.63364246   
    -0.21997467     0.0015834598  -0.3575226    
    -0.21295218    -0.20997387    -0.38527163   
    -0.15989742    -0.14082082    -0.14298867   
    -0.15099432    -0.26691646    -0.92558248   
    -0.2146417     -0.20142681    -0.58611942   
    -0.15336007    -0.14115488    -0.69939649   
    -0.040974049   -0.11588973    -0.60977538   
    -0.062935753   -0.18595494    -0.26260394   
    -0.12542564    -0.020079617   -0.26382487   
    -0.0054049974  -0.014249526   -0.25013157   
    -0.11372143    -0.17760502    -0.4021474    
    -0.14776667    -0.03978167    -0.044277754  
    -0.11894615    -0.072408394   -0.23748918   
    -0.090559352   -0.11031734    -0.32883438   
    -0.19419218    -0.1251183     -0.4300822    
    -0.10752465    -0.29405776    -0.92674324   
    -0.16206199    -0.09854241    -0.32919494   
    -0.2247561     -0.019053854   -0.14619551   
    -0.1267646     -0.19202935    -0.50564528   
    -0.12910432    -0.1260416     -0.31108268   
    -0.1271321     -0.1207039     -0.16267143   
    -0.070250728   -0.095684008   -0.43306222   
     0.025381636   -0.090725115    0.11512493   
    -0.014483886   -0.097106497   -0.52181016   
    -0.16767177    -0.13445715    -0.15558747   
    -0.21983046    -0.21500022    -0.88351165   
    -0.12525237    -0.14431752    -0.27605576   
    -0.17687867    -0.19947206    -0.75410592   
    -0.27469423    -0.10091162    -0.76428563   
    -0.1069566     -0.080303022   -0.42185538   
    -0.1258483     -0.11232949    -0.4417136    
    -0.13583956     0.012134691   -0.64114358   
    -0.13745292    -0.012415097   -0.338853     
    -0.20985484    -0.1171833     -0.51738515   
    -0.20852205    -0.18686963    -0.61943736   
    -0.22408907    -0.22544054    -0.80482864   
    -0.087975922   -0.16974538    -0.26351077   
    -0.10115369    -0.085268793   -0.21319279   
    -0.051328241   -0.22819582    -0.83597203   
    -0.057441869   -0.20035308    -0.080815784  
    -0.093285495   -0.12604358    -0.26567761   
    -0.18555316    -0.10827422    -0.16743332   
    -0.11132303    -0.21847623    -0.21037555   
    -0.10117807    -0.10822358    -0.14734797   
    -0.16560748    -0.16249249    -0.50515576   
    -0.0025817557  -0.090699081   -0.44217301   
    -0.036300857   -0.11703687    -0.22531065   
    -0.057407574   -0.12080358    -0.13687368   
    -0.16728238    -0.15452528    -0.37344737   
    -0.04489885    -0.11333447    -0.97418058   
    -0.19739694    -0.16293536    -0.39507235   
    -0.062402806   -0.17897055    -0.44511097   
    -0.14162795    -0.22857209    -0.60366963   
    -0.17740645    -0.075236502   -0.43515068   
    -0.076705296   -0.2553169     -0.40257076   
    -0.17166324    -0.208679      -1.1545506    
    -0.1313641     -0.10739315    -0.68674971   
    -0.048683235   -0.042757695   -0.24352633   
    -0.006443044   -0.075212533    0.023913221  
    -0.11787324    -0.15073657    -0.17986061   
    -0.00080545019 -0.072871345   -0.13989853   
    -0.084117069   -0.091826627   -0.021386691  
    -0.17211229    -0.080988097   -0.73332353   
    -0.19162034    -0.007474444   -0.63871428   
    -0.20126248    -0.1127361     -0.58088738   
    -0.1399354     -0.16289722    -0.36926201   
    -0.20569172    -0.097469401   -0.30192482   
    -0.11707525    -0.12298297    -0.17824877   
    -0.20014005    -0.17804374    -0.47109777   
    -0.14175004    -0.14193553    -0.24557134   
    -0.13325972    -0.16507724    -0.085592474  
    -0.10818713    -0.094800076   -0.4152448    
    -0.060470341   -0.092256903   -0.15173473   
    -0.22960825    -0.18508658    -0.65887343   
    -0.13749295    -0.10305776    -0.24184718   
    -0.095490158    0.094688497   -0.48012127   
    -0.11127271    -0.17640938    -0.42242754   
    -0.14007184    -0.10063853    -0.078131191  
    -0.14873032    -0.090429452   -0.79377156   
    -0.22024043    -0.093180515   -0.15141386   
    -0.096941809   -0.10206551     0.18040464   
    -0.18800606    -0.15960562    -0.20831543   
    -0.15160446    -0.12765585    -0.43673804   
    -0.20210703    -0.16557933     0.087711124  
    -0.27641579    -0.25612094    -0.17502849   
    -0.10408068    -0.17828384    -0.22960354   
    -0.11402913    -0.18629199    -0.74959295   
    -0.17766372    -0.16808452    -0.32043409   
    -0.13962123    -0.22076079    -0.26792422   
    -0.1386107     -0.10890722    -0.40591345   
    -0.068682374   -0.079777861   -0.15593677   
     0.0012923083  -0.085885285   -0.24448735   
    -0.14991648    -0.10161241    -0.86312191   
    -0.22057936    -0.22135711    -0.42537737   
    -0.22951955    -0.17646124    -0.22005004   
