   -0.82872139    
    0.7489774     
    1.742699      
    0.079998566   
    0.020023445   
   -0.12493782    
   -0.16218866    
   -0.51102954    
   -0.61049381    
   -0.44415047    
   -0.1118321     
    0.074341229   
    0.072305028   
    0.052783523   
    0.045088862   
    0.045948286   
    0.027616644   
   -0.014646673   
   -0.0027772747  
   -0.055606433   
   -0.082998158   
   -0.095806534   
    0.045421532   
   -0.029291027   
   -0.04584843    
   -0.13200361    
   -0.027783925   
    0.053833565   
   -0.060941839   
   -0.067548085   
    0.16902447    
    0.026951775   
   -0.010327719   
   -0.015285469   
   -0.092289053   
   -0.074359061   
   -0.12129844    
   -0.017371198   
   -0.055654154   
   -0.13339027    
   -0.022413764   
   -0.14568136    
   -0.16882823    
    0.00019268566 
   -0.08904403    
   -0.050895955   
    0.014869952   
    0.0091807557  
   -0.079984583   
    0.063218825   
    0.021664503   
    0.085031194   
    0.088842303   
    0.02195005    
    0.0066308362  
    0.027926609   
    0.10350066    
    0.2215078     
    0.078275439   
    0.030008906   
    0.061558525   
    0.034156641   
   -0.015608892   
   -0.067615934   
   -0.059001759   
    0.11398694    
   -0.020017067   
    0.005291032   
   -0.0013265333  
    0.076439068   
   -0.034682823   
   -0.06197642    
    0.034484628   
   -0.069093885   
   -0.10579517    
    0.028196746   
   -0.047431735   
    0.043674828   
   -0.078822745   
   -0.067621894   
    0.072783963   
   -0.08794585    
    0.023877705   
   -0.095024078   
   -0.19064915    
    0.059646942   
   -0.038578489   
   -0.021089693   
   -0.095076999   
   -0.013092409   
    0.146997      
   -0.065518798   
    0.087708945   
    5.6723203e-05 
   -0.043344235   
    0.068464531   
    0.013722195   
   -0.090785263   
    0.056716311   
    0.011256067   
    0.075810718   
    0.14862185    
    0.12725285    
   -0.03582446    
    0.050188969   
   -0.00055234162 
   -0.05526745    
   -0.12464989    
   -0.047061157   
    0.080864154   
    0.065488484   
   -0.11819012    
    0.13518851    
    0.072625858   
    0.13597092    
   -0.0010054032  
    0.028511332   
    0.038920382   
   -0.07209056    
    0.085321184   
   -0.015927976   
   -0.084237171   
   -0.012157811   
   -0.040484516   
    0.03680804    
   -0.0073564446  
   -0.082010395   
   -0.020942516   
    0.042550131   
    0.02968324    
   -0.058465487   
   -0.1584484     
   -0.027942602   
    0.0029814565  
    0.061260039   
   -0.00040193573 
   -0.09494211    
   -0.023556632   
    0.071781467   
    0.058764145   
    0.074163292   
    0.026053007   
   -0.091595152   
   -0.035179024   
    0.09656752    
   -0.067110276   
   -0.084803201   
   -0.014932178   
   -0.069239201   
    0.0097756844  
    0.087877333   
    0.067016618   
    0.1184682     
    0.043117477   
    0.0026455253  
    0.078545065   
    0.022492918   
    0.14794343    
    0.02598279    
    0.0065317769  
    0.11584294    
    0.01822199    
    0.11299458    
    0.12680672    
    0.0064712057  
    0.017389886   
   -0.046727357   
   -0.010446361   
    0.00070533821 
   -0.19870485    
    0.1068769     
   -0.036271337   
    0.11578875    
   -0.11828653    
   -0.028181191   
   -0.11802175    
   -0.033002671   
    0.072859086   
    0.10546751    
   -0.0084182135  
   -0.012660638   
   -0.16638862    
   -0.029272295   
   -0.042210229   
    0.032373972   
    0.08171       
    0.039354247   
   -0.063574143   
    0.0059839303  
    0.14966162    
    0.12625502    
    0.087662108   
    0.010018975   
   -0.057134223   
    0.029377725   
   -0.0043501884  
    0.011576188   
    0.015076629   
    0.013327669   
    0.061081204   
   -0.017323731   
    0.067719482   
   -0.072039524   
   -0.069766245   
   -0.10283557    
    0.029401283   
   -0.098202469   
   -0.010164048   
   -0.0032770725  
   -0.00032218282 
   -0.18708578    
   -0.10929921    
    0.049590153   
   -0.11184537    
    0.028283447   
   -0.10841575    
    0.003600353   
   -0.015176542   
    0.057183653   
   -0.042266048   
    0.027236647   
    0.04883924    
   -0.046906009   
    0.020087388   
   -0.024503548   
    0.09666932    
   -0.015870281   
    0.049806908   
    0.022123074   
    0.09065181    
   -0.015739156   
    0.015764011   
    0.00036660568 
   -0.0085428617  
   -0.018006226   
    0.026853508   
    0.049795158   
    0.010025008   
   -0.014880777   
   -0.072513011   
   -0.06063955    
    0.009518506   
    0.05116347    
    0.039463079   
    0.018151665   
    0.03984397    
    0.022934258   
    0.014117553   
    0.0051521531  
   -0.040073087   
    0.15084515    
    0.027067826   
   -0.014306953   
    0.071460059   
   -0.1158764     
   -0.019781267   
   -0.024925464   
   -0.0053165841  
   -0.013052414   
   -0.010937203   
    0.0080800964  
   -0.025931778   
    0.037328121   
   -0.10656234    
    0.2198382     
    0.1309395     
   -0.066052407   
   -0.011668054   
    0.061756181   
   -0.060585194   
   -0.11855325    
    0.11055935    
    0.024626724   
   -0.008711201   
   -0.015378331   
    0.045185771   
   -0.019066626   
    0.18389735    
    0.0072441186  
   -0.024335875   
    0.023617353   
    0.086772146   
   -0.071359621   
    0.067942216   
   -0.023103312   
    0.038784356   
    0.005227934   
    0.094560042   
   -0.055623374   
    0.030876676   
   -0.078040422   
   -0.044145888   
    0.12917066    
   -0.14206064    
    0.0080233766  
    0.055624822   
    0.0090111725  
   -0.081393359   
   -0.022712099   
   -0.019948882   
   -0.23843677    
    0.13757764    
    0.00019347768 
    0.081667718   
   -0.011832398   
    0.041209802   
   -0.03715463    
   -0.08169371    
   -0.013504881   
   -0.076145367   
   -0.023607253   
   -0.0024442698  
   -0.012052458   
   -0.022260543   
    0.05821512    
   -0.00083991299 
   -0.051524855   
    0.073639142   
   -0.037889699   
   -0.062860096   
    0.043541113   
   -0.0064493521  
   -0.0621246     
   -0.13233614    
    0.013095416   
    0.069052231   
   -0.014105254   
    0.031081363   
   -0.0018485573  
    0.069319137   
    0.12236826    
   -0.00078636499 
   -0.014937291   
   -0.034670579   
   -0.052067951   
   -0.096223531   
   -0.022055695   
   -0.098462035   
    0.037258544   
   -0.038436282   
   -0.057406924   
   -0.0085670071  
    0.068901934   
    0.058085722   
    0.077555855   
    0.06051345    
    0.083627906   
    0.01557808    
   -0.054844978   
    0.025918876   
   -0.012208778   
   -0.041817844   
    0.05916258    
   -0.15002215    
   -0.015878448   
    0.08883817    
    0.092985515   
    0.035807521   
   -0.075720226   
    0.0069052845  
   -0.049240529   
   -0.025744341   
    0.089663856   
   -0.0044061538  
    0.0031133353  
    0.0057515731  
    0.020125589   
    0.08829342    
    0.097430432   
   -0.0048994852  
   -0.017896082   
    0.1539097     
   -0.077233396   
    0.080401364   
    0.0065500241  
    0.013256415   
   -0.055853608   
   -0.13606159    
   -0.080956741   
   -0.03781106    
    0.001353084   
    0.045430775   
   -0.033188133   
   -0.093234255   
   -0.063674635   
   -0.075356173   
   -0.0091363823  
   -0.1487528     
   -0.038962012   
   -0.031037692   
   -0.071404971   
    0.015295438   
   -0.096251072   
   -0.045267189   
    0.012206097   
   -0.031796477   
   -0.020886486   
    0.17851737    
    0.016215943   
    0.022475123   
    0.08456824    
    0.07597521    
   -0.092894673   
    0.001132315   
   -0.077787486   
   -0.011412408   
    0.012837262   
   -0.036223237   
    0.016712052   
   -0.064935677   
    0.052354854   
   -0.0098791416  
   -0.047200484   
    0.05032164    
    0.045467136   
    0.061451151   
   -0.03898143    
    0.078955551   
    0.03058539    
    0.041937659   
   -0.035112141   
    0.089461713   
    0.011838512   
   -0.048752583   
   -0.017937407   
   -0.053136204   
    0.015426242   
   -0.12340656    
   -0.024633047   
   -0.060579882   
    0.037079536   
    0.092605968   
    0.040657198   
   -0.024061033   
   -0.064934167   
   -0.037440487   
   -0.040912106   
   -0.060151966   
    0.03477907    
   -0.01531814    
    0.015881595   
    0.060049285   
   -0.064748633   
    0.098359006   
    0.047758308   
    0.023817107   
   -0.056726505   
   -0.027204962   
    0.036615208   
    0.013993562   
    0.023207101   
   -0.0085580267  
   -0.055029768   
    0.055536899   
    0.036856519   
   -0.066938122   
   -0.015699507   
   -0.049048617   
   -0.061497787   
    0.0267771     
    0.011136294   
    0.065911346   
    0.11332272    
    0.067166049   
    0.048314488   
    0.018189248   
    0.024153574   
   -0.17777163    
    0.024151331   
    0.13151518    
   -0.076780945   
   -0.051561191   
    0.040440987   
   -0.097033437   
    0.059975831   
    0.12417497    
   -0.034352251   
    0.102404      
    0.027968699   
   -0.082086325   
   -0.017152109   
   -0.18840646    
   -0.045242106   
   -0.076382701   
   -0.12504347    
   -0.14868812    
   -0.083243879   
    0.077057494   
   -0.06182968    
   -0.010168134   
   -0.073410274   
   -0.21170542    
    0.049762037   
   -0.14692082    
    0.068395348   
    0.071891234   
    0.061931123   
    0.1354707     
   -0.11132004    
    0.062774294   
   -0.018851482   
   -0.018776412   
    0.076023553   
   -0.056667693   
   -0.0061588552  
    0.023728407   
   -0.20341862    
    0.13596959    
    0.053741845   
   -0.023305161   
    0.00075345183 
   -0.14237211    
   -0.017888961   
   -0.059202062   
   -0.12122572    
   -0.011269254   
    0.0042154577  
   -0.12479303    
    0.004737461   
    0.026974771   
   -0.045918676   
    0.15008246    
   -0.11612224    
   -0.19599866    
    0.16192798    
   -0.028725928   
   -0.11321858    
   -0.0842278     
   -0.1960188     
   -0.1843943     
   -0.057313722   
   -0.090723985   
   -0.029832785   
   -0.024540347   
   -0.028172438   
   -0.060060742   
   -0.020919209   
    0.017914177   
    0.10441701    
    0.014787373   
   -0.044415895   
    0.00097469205 
    0.014179205   
   -0.10300776    
   -0.04784757    
   -0.023999491   
    0.10527799    
   -0.083780893   
   -0.042378979   
    0.087489      
    0.20249922    
    0.047277298   
   -0.082713727   
   -0.016991559   
   -0.047246869   
   -0.047940272   
    0.05336674    
    0.0050724803  
   -0.12963599    
    0.036751847   
   -0.073779719   
   -0.067928273   
    0.011467431   
    0.0058723369  
   -0.071711307   
    0.087256846   
   -0.047930978   
   -0.026504496   
   -0.07184468    
    0.067789746   
   -0.022617565   
    0.056899822   
   -0.15843939    
   -0.014805521   
    0.0022335817  
   -0.051407859   
    0.0043262304  
    0.046504377   
    0.10870543    
    0.072287442   
    0.12998728    
   -0.078426451   
    0.14544637    
   -0.06398161    
   -0.04756093    
    0.10352321    
   -0.012985704   
    0.066388884   
    0.065454627   
   -0.078811297   
   -0.08695007    
    0.027845105   
    0.11393777    
   -0.032204941   
    0.036899998   
   -0.021587551   
   -0.010904723   
   -0.046787081   
    0.0061483127  
    0.084076765   
    0.0056096488  
   -0.20238714    
   -0.053769844   
    0.03771824    
   -0.15690408    
    0.011900664   
    0.049959852   
   -0.024039778   
   -0.088316249   
   -0.03076033    
    0.029377651   
    0.016967416   
   -0.018512737   
    0.10140278    
    0.082074371   
   -0.037435284   
   -0.02877864    
    0.085568167   
    0.072835867   
    0.058145111   
    0.036621202   
   -0.083605585   
    0.046023741   
    0.021664397   
   -0.094012757   
    0.089539835   
    0.086167642   
    0.12395314    
   -0.034354672   
   -0.093529312   
   -0.069338084   
   -0.069839817   
   -0.03709772    
   -0.031668203   
   -0.038237485   
    0.042598476   
   -0.11025999    
    0.065376735   
    0.015606459   
   -0.047326309   
   -0.088804705   
    0.032292401   
   -0.042721785   
   -0.036942914   
    0.030961237   
    0.099142445   
   -0.11137178    
    0.084548099   
    0.010544154   
    0.028527046   
    0.033636609   
   -0.065417558   
   -0.049727728   
   -0.040829703   
    0.016912117   
    0.051311714   
    0.17068915    
   -0.0011700195  
   -0.034873575   
   -0.021918919   
    0.085769659   
    0.092467027   
    0.084083833   
    0.10062246    
   -0.0091751143  
   -0.081916146   
    0.022773173   
   -0.075929023   
   -0.080651128   
    0.037920112   
   -0.0056139647  
    0.022995103   
    0.076456635   
   -0.09192379    
   -0.023374959   
    0.034620898   
   -0.11385179    
   -0.032804174   
    0.069418581   
   -0.026276561   
    0.048870969   
   -0.11371372    
    0.0415476     
   -0.053038497   
   -0.038567873   
   -0.034431149   
    0.038245813   
   -0.073559417   
   -0.07223911    
    0.066964808   
   -0.11975959    
   -0.0058538256  
    0.048985067   
   -0.13592415    
   -0.094852451   
   -0.021482544   
   -0.038554756   
   -0.18696109    
    0.096730821   
   -0.11416222    
   -0.019751317   
   -0.033302617   
    0.066665689   
   -0.022922178   
    0.06142616    
    0.045095396   
   -0.070752234   
   -0.086874673   
    0.0016381883  
    0.064496511   
    0.038858188   
    0.0047803504  
    0.047132794   
   -0.055793049   
   -0.051199093   
    0.035250131   
    0.17204872    
   -0.021593762   
    0.025403109   
   -0.11798703    
   -0.083206706   
    0.0021896418  
   -0.029667652   
    0.026471609   
    0.082896449   
    0.0096102869  
    0.023774964   
   -0.0057960276  
    0.0056759438  
   -0.13072143    
   -0.11168622    
   -0.017870369   
   -0.12471131    
    0.044318983   
   -0.0028415287  
   -0.054944093   
    0.010943804   
   -0.0246313     
   -0.084008968   
   -0.078821829   
   -0.078563847   
   -0.019735293   
   -0.074160576   
   -0.041705311   
   -0.0095913195  
   -0.06366416    
    0.0055265678  
   -0.038630081   
   -0.019825331   
    0.036669955   
   -0.075077757   
    0.021745648   
   -0.10840246    
    0.081584999   
    0.1086965     
    0.072354925   
    0.18362246    
    0.071070709   
    0.066345356   
    0.019734789   
    0.017365828   
   -0.020428934   
    0.039823798   
    0.055589077   
   -0.062140149   
    0.085987362   
    0.051275173   
   -0.095950481   
    0.092471649   
   -0.018032741   
    0.17275098    
   -0.08908924    
   -0.04707572    
    0.14439337    
    0.053295646   
    0.10699581    
   -0.090574161   
    0.013537906   
   -0.001793736   
   -0.090201309   
    0.039887858   
    0.06743826    
    0.028450685   
   -0.11846722    
   -0.021963419   
    0.011673171   
   -0.10630372    
    0.017916248   
   -0.12049021    
    0.0073999952  
   -0.12667003    
   -0.086574471   
   -0.10115651    
    0.056909389   
    0.14208828    
   -0.079443978   
   -0.016669255   
   -0.037947812   
   -0.11583427    
    0.22088766    
    0.10934415    
   -0.095510678   
   -0.092667267   
    0.025055089   
    0.07559242    
    0.028547703   
   -0.015941849   
   -0.022418359   
    0.039033405   
    0.0020504065  
    0.13048304    
    0.11950954    
   -0.1464691     
   -0.11122733    
   -0.078339949   
   -0.033647519   
   -0.10041932    
   -0.12971456    
   -0.004750695   
    0.058361672   
   -0.036377809   
   -0.013274477   
   -0.03231697    
   -0.062661426   
   -0.11499191    
   -0.17020026    
    0.06673542    
   -0.021709346   
   -0.025224962   
    0.0010649578  
    0.11354445    
   -0.013444066   
   -0.065754166   
    0.070636596   
    0.15330012    
   -0.0062261725  
    0.0087782214  
    0.16518581    
   -0.095129478   
   -0.13260388    
    0.017636487   
    0.053316052   
   -0.06978591    
    0.071990314   
   -0.015244374   
    0.027771001   
    0.035875061   
   -0.0062143851  
   -0.062706865   
   -0.020866124   
    0.017056739   
   -0.059419593   
    0.062419949   
    0.039813676   
   -0.012509462   
   -0.019864921   
    0.03696092    
   -0.067870309   
   -0.015849117   
   -0.0085213879  
    0.083808991   
    0.014546392   
    0.080302367   
   -0.082910725   
   -0.05642656    
    0.018189637   
   -0.025108157   
   -0.038253403   
   -0.0043362622  
   -0.094863648   
   -0.043430452   
    0.037218931   
    0.17365062    
   -0.11384078    
    0.045667049   
    0.081295593   
   -0.1174444     
    0.11586341    
   -0.063135762   
   -0.046798786   
    0.0043402352  
    0.0190984     
    0.0024101678  
    0.023728741   
   -0.023130304   
   -0.043157247   
   -0.081982823   
    0.044050185   
   -0.014625771   
   -0.026831478   
    0.0044222382  
    0.084326858   
   -0.19833014    
    0.06102353    
   -0.070109958   
    0.081767115   
    0.12595496    
    0.024188092   
   -0.055299152   
    0.055615511   
   -0.09496951    
    0.04778972    
    0.034185385   
    0.031888821   
   -0.16771828    
    0.074616687   
   -0.0035236217  
   -0.015539818   
   -0.080270959   
    0.025074022   
   -0.11352056    
    0.003808714   
   -0.041465176   
    0.078248069   
   -0.10558414    
    0.057758529   
    0.14530807    
   -0.012574724   
   -0.042331217   
   -0.0038017556  
    0.010440965   
   -0.061270057   
   -0.020300074   
   -0.08777789    
   -0.024576157   
    0.083822859   
    0.1336808     
   -0.042297223   
    0.10806134    
   -0.087354963   
   -0.016790551   
    0.031859154   
   -0.011126734   
   -0.023144791   
   -0.0049659627  
    0.038922607   
   -0.019740311   
    0.089489033   
   -0.1173151     
    0.12491234    
   -0.082704884   
   -0.065431262   
    0.020744776   
   -0.10243041    
    0.097498364   
    0.023063941   
   -0.032275569   
   -0.073345264   
   -0.019285091   
   -0.095514406   
    0.067427622   
    0.026143333   
   -0.066714735   
   -0.10766503    
   -0.18259371    
    0.087359956   
    0.02081714    
   -0.0087829117  
    0.049718341   
   -0.0035577992  
    0.043905534   
   -0.030837807   
    0.039710717   
    0.074115303   
   -0.090444248   
    0.086441668   
    0.021650412   
   -0.081755325   
    0.076876645   
   -0.14257781    
    0.12257917    
   -0.073629807   
   -0.013466551   
   -0.013286123   
    0.067869165   
   -0.069219098   
   -0.078186831   
    0.0029181965  
   -0.11422893    
    0.17791384    
   -0.031213447   
    0.053283934   
   -0.11459769    
    0.041269045   
   -0.18729565    
    0.0033190348  
   -0.067999397   
    0.069023405   
    0.073642867   
    0.052277314   
   -0.007669199   
    0.083728634   
    0.10687128    
   -0.016532455   
    0.041607129   
    0.015942952   
   -0.059156272   
   -0.026611993   
   -0.15734784    
    0.012855047   
    0.0044193808  
    0.034148935   
   -0.0050984414  
    0.017301451   
   -0.0090128118  
   -0.091405595   
    0.06250483    
    0.037510588   
   -0.04344368    
    0.0730262     
    0.0907371     
   -0.11913657    
   -0.12702437    
    0.0015432775  
    0.078556119   
    0.10220665    
    0.093385431   
    0.046948813   
   -0.055390205   
   -0.026221491   
   -0.0036271893  
   -0.058840764   
   -0.038212891   
   -0.039298521   
    0.01137973    
    0.13855001    
   -0.22089872    
   -0.13466911    
   -0.074607447   
    0.06842411    
   -0.046030909   
   -0.12691714    
   -0.10925022    
   -0.23393687    
    0.022979752   
   -0.055593461   
    0.042851786   
    0.050894464   
    0.08377131    
   -0.072965102   
   -0.0003811176  
   -0.023456214   
   -0.048988692   
   -0.15892605    
    0.13050674    
   -0.11776683    
    0.00082404726 
   -0.061525651   
   -0.024100501   
   -0.160176      
   -0.014450554   
   -0.028077733   
   -0.011192998   
   -0.022464672   
   -0.040581966   
    0.026418008   
   -0.031033649   
   -0.10398897    
   -0.067096891   
   -0.079871538   
    0.037450634   
   -0.079515071   
   -0.18044594    
   -0.050103474   
    0.033701607   
   -0.018603394   
    0.020594385   
   -0.025391767   
   -0.06267064    
    0.020377232   
    0.15714685    
   -0.006733645   
   -0.04989223    
    0.18126285    
   -0.022761737   
    0.043451943   
    0.017860099   
    0.0045916148  
    0.04861592    
   -0.026334103   
    0.057072553   
    0.0060714977  
    0.064166497   
   -0.014421883   
    0.10005024    
    0.058947608   
    0.063069707   
    0.0047597794  
    0.090119071   
    0.020808395   
   -0.057428009   
    0.022365584   
   -0.040220666   
    0.048852992   
   -0.041687863   
    0.0040516044  
   -0.066788163   
    0.0068705102  
   -0.074272599   
   -0.090959001   
   -0.02300852    
   -0.00047900417 
   -0.066338368   
   -0.046030085   
   -0.049438009   
   -0.098501973   
   -0.0042948684  
    0.036191725   
    0.1185028     
    0.0204428     
   -0.042927522   
   -0.042727924   
   -0.11402567    
    0.0046051411  
   -0.02704026    
    0.043239205   
   -0.0344047     
   -0.016898562   
   -0.076515814   
    0.0059822861  
   -0.06635092    
    0.0049821562  
    0.043457168   
    0.18836781    
   -0.11214298    
   -0.0050956175  
   -0.0014685539  
   -0.002368459   
    0.15923881    
    0.042698109   
    0.032759267   
    0.068653262   
   -0.096558497   
   -0.087709878   
   -0.094178202   
    0.00069490556 
   -0.11577882    
   -0.056733513   
    0.035069324   
    0.12437026    
   -0.1108809     
    0.052944621   
    0.027834687   
    0.045834878   
    0.0023490525  
   -0.0028094527  
   -0.0019306435  
    0.0067225619  
    0.12304358    
   -0.023438001   
   -0.0057602916  
    0.056026007   
    0.15233094    
   -0.0055724483  
    0.0073843957  
    0.17428088    
   -0.13076958    
   -0.0028969949  
   -0.041510892   
   -0.10128682    
    0.043623932   
   -0.10013629    
   -0.10216365    
    0.055658963   
   -0.030394628   
   -0.036795869   
   -0.14289402    
   -0.19336512    
   -0.11315619    
    0.025631959   
   -0.05088623    
   -0.038505385   
    0.01050559    
   -0.045584835   
   -0.0068109411  
   -0.088530688   
    0.034735049   
    0.084443846   
    0.013082982   
   -0.025009977   
    0.044947754   
   -0.066163716   
   -0.021178965   
   -0.01560485    
   -0.086070078   
    0.057555067   
    0.053196264   
    0.035956112   
   -0.028380784   
    0.070185686   
    0.013699561   
    0.061740563   
   -0.038855179   
    0.017118331   
   -0.30158807    
   -0.02202264    
   -0.061286514   
    0.099629961   
   -0.034865669   
   -0.046165378   
   -0.022352501   
    0.16707018    
   -0.09473136    
    0.10550587    
    0.073887667   
   -0.028077487   
   -0.073820624   
   -0.011322319   
   -0.010267273   
   -0.13859422    
    0.032092559   
   -0.016146365   
    0.081356226   
    0.045696718   
   -0.070919527   
   -0.012371136   
   -0.075695311   
   -0.13145503    
   -0.13638011    
   -0.057705707   
   -0.074864278   
   -0.028268811   
    0.1222119     
    0.095391214   
   -0.0040619366  
    0.054426356   
   -0.048680361   
   -0.016789441   
    0.024290054   
    0.053948021   
    0.082601222   
   -0.078289046   
    0.14324884    
   -0.052669067   
    0.11025433    
   -0.056238667   
    0.034866283   
    0.016215097   
    0.090771102   
   -0.18332347    
   -0.022987092   
    0.088275265   
    0.066469453   
    0.05050564    
   -0.087094191   
    0.068731031   
   -0.034097446   
    0.085381404   
    0.12844751    
    0.054906256   
    0.054777681   
    0.096685078   
   -0.12002288    
    0.052517291   
    0.0092178324  
    0.043657541   
   -0.0050319499  
   -0.027457714   
    0.049260083   
    0.11393633    
    0.002943597   
    0.05096476    
    0.053785094   
   -0.012127162   
   -0.007127408   
    0.00094182735 
    0.03636965    
    0.035922006   
    0.013446701   
    0.061721398   
   -0.015238072   
    0.0089348364  
   -0.0060911959  
    0.04242273    
    0.039635971   
   -0.037885282   
    0.086999849   
    0.035892324   
   -0.027859128   
   -0.090522016   
   -0.080557706   
    0.033906963   
   -0.1033316     
    0.0089124411  
    0.037810341   
   -0.0099238225  
   -0.018539538   
    0.014994279   
   -0.030314479   
    0.020979916   
    0.038189636   
   -0.089363136   
    0.17980868    
   -0.066015487   
    0.032110869   
   -0.057761523   
   -0.0084429742  
   -0.0025226961  
   -0.039631669   
   -0.16527942    
    0.046021476   
    0.069319623   
   -0.024797433   
    0.10241576    
    0.19839167    
   -0.031451045   
    0.084505034   
    0.056060845   
   -0.24069012    
   -0.17014105    
   -0.020361626   
   -0.071878506   
    0.035243643   
   -0.043381402   
    0.055186036   
   -0.15976699    
    0.0054528057  
    0.070302849   
    0.096116418   
    0.094306016   
    0.081335133   
   -0.0035974874  
    0.069188258   
   -0.01684348    
    0.16558834    
    0.097633813   
    0.004032705   
    0.00106515    
   -0.089175179   
    0.027552095   
    0.012220552   
   -0.030486678   
    0.065556545   
    0.018164498   
   -0.16342264    
   -0.03254928    
   -0.0070592695  
   -0.090979671   
    0.046503746   
    0.096491037   
    0.0033361924  
   -0.048233264   
    0.045391095   
   -0.13262131    
    0.01567342    
    0.025913503   
   -0.072185339   
   -0.073393282   
   -0.02473842    
   -0.063850957   
    0.091777487   
   -0.047879995   
    0.097417424   
   -0.056857719   
   -0.017693767   
    0.06954904    
   -0.0024326575  
    0.020289754   
   -0.068600925   
    0.0011207744  
   -0.0403471     
   -0.05217278    
   -0.062511117   
   -0.039473731   
    0.054914567   
    0.041947823   
   -0.01151523    
    0.068106483   
   -0.076962484   
   -0.060561269   
    0.10508663    
    0.08320593    
   -0.21187245    
    0.025303258   
    0.11425726    
   -0.034114718   
    0.053933746   
   -0.0049021365  
   -0.050890246   
   -0.0019154987  
    0.070283551   
   -0.0026278988  
   -0.039706989   
   -0.056307064   
   -0.043177695   
    0.082829394   
   -0.12968809    
    0.064792047   
   -0.1176376     
   -0.042269703   
    0.028042338   
    0.046159053   
   -0.087694358   
   -0.071452369   
   -0.059874666   
    0.072259383   
    0.10857168    
   -0.11401879    
    0.15089331    
   -0.042023444   
    0.038214906   
    0.19290563    
    0.057782046   
   -0.10091429    
    0.011356972   
    0.076633441   
   -0.064645058   
   -0.04559871    
   -0.096550551   
   -0.079299079   
   -0.017460108   
   -0.053921495   
   -0.095770927   
   -0.030646562   
    0.0086227595  
   -0.071082292   
   -0.074124168   
    0.059304122   
    0.00085833233 
    0.04885451    
   -0.055169222   
    0.025506505   
   -0.1103959     
   -0.086960624   
   -0.065046297   
   -0.10897165    
   -0.056888673   
   -0.059511296   
   -0.070286292   
    0.076793991   
    0.049490847   
   -0.00056837784 
    0.052919941   
    0.045845286   
   -0.049863377   
   -0.079919891   
    0.017582653   
    0.080318922   
    0.085071342   
   -0.0025665058  
    0.034894483   
    0.012956225   
    0.069754051   
   -0.038368215   
    0.041080609   
   -0.11685047    
    0.10584637    
   -0.035602728   
   -0.012020445   
    0.019710321   
    0.069182672   
   -0.028712487   
   -0.12465121    
   -0.11643788    
   -0.09815726    
   -0.10154513    
   -0.12801845    
    0.033052813   
    0.054865635   
    0.022614242   
   -0.024227449   
    0.045210177   
    0.018391615   
   -0.0066029226  
    0.094305603   
   -0.017068221   
    0.011775182   
   -0.082574205   
   -0.0091868129  
    0.063604348   
   -0.022945069   
    0.064217438   
   -0.16870961    
   -0.0099513753  
   -0.11747115    
   -0.033236835   
    0.0292526     
    0.068403789   
   -0.1616004     
    0.0089286236  
    0.019335273   
    0.11009869    
   -0.047674459   
   -0.011710942   
   -0.10893029    
    0.083458088   
   -0.12178448    
    0.15694468    
   -0.0050810998  
   -0.00072528612 
    0.0072082372  
    0.033707067   
    0.043740119   
    0.050185064   
    0.1132598     
   -0.03222904    
    0.033062123   
    0.016067211   
   -0.062810234   
   -0.16502839    
   -0.078332259   
   -0.013450343   
   -0.1181529     
   -0.099824716   
   -0.026892509   
    0.12556829    
   -0.015265169   
    0.027682085   
   -0.11703415    
    0.023633606   
   -0.00034564212 
   -0.14861358    
   -0.049313302   
    0.032243237   
    0.037109441   
   -0.098419808   
   -0.00015989972 
    0.095797729   
    0.039996201   
   -0.14101646    
    0.070259931   
    0.0086426631  
    0.057852446   
   -0.014505882   
    0.041169526   
    0.084809025   
    0.16291498    
    0.025539084   
    0.029758166   
    0.025042887   
   -0.028775268   
   -0.087504072   
   -0.09909929    
   -0.090652595   
   -0.052232622   
   -0.037717153   
   -0.10083705    
    0.025624036   
   -0.030541739   
   -0.013577647   
    0.003943959   
    0.12515876    
   -0.059933244   
    0.10812237    
   -0.080944832   
    0.0098164016  
   -0.11143066    
   -0.009970811   
    0.08022731    
    0.0046975749  
   -0.18433768    
   -0.087749054   
    0.064053774   
    0.13657241    
    0.008141615   
    0.028715406   
   -0.091266123   
    0.090275571   
    0.060205387   
    0.072132974   
   -0.045658692   
    0.060576318   
   -0.030987696   
    0.041599749   
    0.072034035   
    0.03600003    
   -0.027174181   
   -0.087453953   
   -0.027544403   
   -0.022958225   
   -0.047412895   
   -0.053196483   
    0.10659496    
   -0.049163272   
    0.0047718311  
   -0.053171297   
    0.0062370969  
   -0.061740535   
    0.039655435   
    0.085335241   
    0.098123179   
    0.08015325    
   -0.0094058176  
    0.055458598   
    0.06983888    
   -0.065305508   
   -0.060963406   
    0.071017052   
   -0.17310533    
   -0.078197438   
    0.024058587   
   -0.16889471    
    0.02053373    
   -0.089269158   
    0.080043931   
   -0.060520296   
    0.0074689809  
