   -0.09644228    
    1.0546163     
    0.31686898    
    0.15612389    
   -0.2355497     
    0.010387826   
    0.016678781   
   -0.48729659    
   -0.25421099    
    0.0056030011  
   -0.064153949   
   -0.024632269   
   -0.059471462   
   -0.10451961    
   -0.073985374   
   -0.077184507   
   -0.061267214   
   -0.0083058219  
   -0.030775435   
   -0.041048135   
   -0.16365207    
    0.072225052   
    0.081944477   
   -0.036358787   
   -0.12212542    
    0.037043732   
   -0.092389501   
   -0.020959563   
   -0.13823572    
   -0.038540045   
   -0.061450086   
   -0.047655017   
   -0.090638319   
    0.090694464   
    0.032240939   
    0.11446685    
   -0.14649904    
   -0.046526898   
   -0.021188817   
   -0.0411944     
    0.094130255   
   -0.029437558   
   -0.033047354   
   -0.083835546   
   -0.094465728   
    0.042148788   
    0.11510429    
   -0.07489519    
   -0.025612435   
    0.041321643   
   -0.045806973   
    0.040449138   
    0.019806255   
    0.18450072    
   -0.04998805    
    0.0061563929  
   -0.043712587   
   -0.0064798997  
    0.068594714   
   -0.10741973    
    0.03081245    
   -0.075441257   
   -0.00080432972 
   -0.14136601    
   -0.01938899    
   -0.12799812    
   -0.064655501   
    0.12721064    
    0.011214996   
    0.034930752   
   -0.088269241   
   -0.12222895    
    0.015219815   
   -0.027923499   
   -0.10090021    
   -0.078575364   
   -0.067768857   
    0.064429691   
   -0.10784308    
   -0.015065107   
    0.057744308   
   -0.19453321    
    0.12626407    
   -0.081627956   
   -0.10700282    
   -0.035766739   
   -0.13707677    
   -0.018759445   
    0.11777007    
    0.01386946    
    0.01404943    
    0.056491878   
    0.020766303   
   -0.037878611   
   -0.0546616     
   -0.14167018    
   -0.068814002   
    0.047437017   
   -0.086668235   
   -0.052963064   
    0.019250383   
   -0.078451515   
    0.030428576   
   -0.025220546   
   -0.17221892    
    0.0052952571  
   -0.22901408    
    0.052036738   
   -0.036292199   
   -0.0042516373  
    0.016815839   
   -0.19790957    
   -0.071238917   
    0.020560839   
   -0.074292851   
   -0.08845839    
    0.010226281   
   -0.0287281     
   -0.035844723   
   -0.009161114   
    0.0026793868  
   -0.039189729   
   -0.10929465    
   -0.14815088    
    0.070696724   
    0.098693486   
    0.021735596   
    0.0039617792  
   -0.11912757    
   -0.1461559     
   -0.078932051   
   -0.088622547   
   -0.13810269    
   -0.008913463   
   -0.043961493   
   -0.056517754   
   -0.039043651   
    0.11290599    
   -0.0008540996  
    0.0038593925  
    0.0089195955  
    0.04505845    
    0.073997936   
   -0.044980117   
   -0.10482286    
   -0.089307229   
    0.041322067   
    0.069350492   
    0.015673811   
   -0.002800956   
    0.053515448   
    0.035449001   
    0.086263556   
   -0.043387873   
    0.0040122014  
   -0.069726919   
   -0.015726888   
    0.0014073562  
   -0.068139781   
   -0.036100544   
    0.036523273   
    0.001272436   
   -0.10638606    
   -0.039318994   
    0.010411856   
   -0.22579548    
    0.04481427    
   -0.061153261   
    0.11346391    
    0.023581967   
   -0.12893419    
   -0.12577437    
   -0.0040033281  
   -0.016075468   
    0.023914822   
   -0.04431874    
   -0.036318593   
   -0.081028869   
    0.038356102   
   -0.044511317   
    0.0059314446  
    0.050635383   
    0.063503765   
   -0.091284981   
   -0.13984174    
   -0.035494006   
    0.017335366   
   -0.021384109   
   -0.052961464   
   -0.053051059   
   -0.042700966   
    0.057790667   
   -0.041536757   
   -0.0027007095  
    0.084880527   
    0.055510182   
   -0.16861587    
    0.048296094   
   -0.068266844   
    0.0098940254  
   -0.018626869   
   -0.070485428   
   -0.029056243   
   -0.021944684   
    0.018541866   
   -0.17955       
    0.062332546   
    0.0080429937  
   -0.0054080013  
   -0.025180245   
    0.019321672   
   -0.183061      
   -0.052172153   
   -0.10997385    
   -0.11927797    
   -0.047029533   
   -0.19737337    
   -0.11148709    
   -0.020822936   
    0.001327625   
    0.11526567    
   -0.04761661    
   -0.072490868   
   -0.09003506    
    0.06199459    
   -0.12254303    
   -0.069020181   
   -0.1931466     
    0.093734712   
    0.026345555   
    0.077962973   
    0.018733042   
   -0.045722459   
    0.047925041   
   -0.062627916   
   -0.041250684   
    0.050774965   
   -0.18419411    
   -0.043220163   
   -0.045134818   
   -0.010384479   
   -0.02184911    
   -0.13572837    
    0.0010840897  
   -0.12166013    
    0.0022808064  
   -0.07307346    
    0.089212896   
    0.015882538   
    0.028153912   
   -0.082792349   
    0.074844436   
   -0.019813189   
   -0.026130369   
   -0.056917101   
   -0.0044699945  
    0.028633167   
   -0.0049803502  
    0.0023404226  
    0.018598005   
   -0.030983167   
    0.055117796   
   -0.080870293   
   -0.060145443   
   -0.13009789    
   -0.092502024   
   -0.049579388   
   -0.10769083    
   -0.095567549   
    0.049588809   
    0.063103255   
   -0.050083713   
   -0.01900372    
   -0.025204056   
   -0.040150702   
   -0.072730744   
   -0.097083507   
    0.015225775   
   -0.019677581   
   -0.089900348   
    0.13932036    
    0.045066553   
   -0.14917717    
   -0.16568097    
    0.03079113    
   -0.16096208    
    0.013570619   
   -0.16112839    
    0.14393969    
    0.024228244   
   -0.085391309   
    0.085626704   
   -0.020395309   
   -0.014607129   
   -0.13778388    
    0.027738009   
    0.011044163   
    0.081610494   
    0.014419023   
   -0.075116915   
   -0.0035582276  
   -0.0042136561  
   -0.13455405    
    0.0046165295  
   -0.040573413   
    0.042900486   
   -0.10786095    
    0.0031696744  
   -0.19547978    
   -0.14056374    
   -0.099581096   
   -0.092411779   
    0.00076712501 
   -0.043169249   
   -0.084532157   
   -0.0056291529  
    0.020736466   
   -0.035307997   
    0.06007602    
    0.028655777   
   -0.12510922    
    0.10721735    
    0.036719149   
   -0.069041054   
   -0.027675921   
   -0.10792206    
   -0.12578262    
   -0.030704013   
    0.010169344   
   -0.19597567    
   -0.096521425   
   -0.18013239    
   -0.014879769   
    0.0094175702  
   -0.022773946   
   -0.23777124    
   -0.043772576   
   -0.13128532    
   -0.042958957   
    0.022263359   
   -0.015361848   
   -0.06620225    
   -0.098861734   
   -0.071406921   
    0.01342543    
   -0.022984454   
   -0.054931094   
   -0.08899511    
    0.068082781   
   -0.044422337   
   -0.04522761    
   -0.036219819   
   -0.050132847   
    0.044095102   
   -0.15626686    
   -0.014725702   
   -0.064752925   
    0.05189098    
   -0.15355191    
    0.050091709   
   -0.036042954   
   -0.067086936   
   -0.04901606    
   -0.111903      
   -0.091517533   
    0.017873777   
   -0.099711406   
   -0.015960704   
   -0.042083844   
    0.0037152702  
   -0.082956265   
   -0.047090473   
   -0.082991441   
    0.084234741   
   -0.081055412   
   -0.073495099   
    0.0015029217  
   -0.045105796   
   -0.030977671   
   -0.057788802   
    0.027923193   
   -0.13948651    
   -0.12171148    
   -0.051379472   
   -0.09189627    
    0.017235703   
    0.0073872693  
   -0.074761474   
   -0.01582536    
   -0.05053215    
   -0.040362037   
   -0.020533493   
   -0.072813125   
    0.059070121   
   -0.030811789   
   -0.0012962947  
    0.0054930947  
   -0.15977142    
   -0.099332735   
    0.013060143   
   -0.036444652   
   -0.027108152   
   -0.089403861   
   -0.052972094   
    0.056190073   
    0.037201964   
   -0.079132797   
   -0.13281812    
   -0.097226114   
   -0.0038993054  
   -0.057533805   
   -0.026172209   
    0.097803887   
   -0.079592318   
   -0.075265607   
   -0.097072694   
   -0.14162421    
   -0.025893366   
    0.069390508   
    0.013933516   
   -0.023319139   
    0.010657546   
    0.013534218   
   -0.14954191    
   -0.051400385   
   -0.0573369     
   -0.022748451   
   -0.1507781     
    0.084784246   
   -0.05564058    
   -0.05392761    
   -0.053022043   
   -0.06319216    
    0.060267385   
    0.0016742188  
    0.065060179   
   -0.06080937    
   -0.079220213   
   -0.096747273   
   -0.045899453   
   -0.021284601   
   -0.05289664    
   -0.0098804531  
   -0.042605706   
   -0.061956939   
   -0.073224913   
   -0.053044247   
    0.046777292   
    0.11051966    
   -0.082687051   
   -0.013094616   
   -0.078421043   
    0.024981265   
    0.0052203202  
    0.10257125    
    0.017687754   
   -0.1167886     
    0.10074394    
    0.069742043   
   -0.024359038   
    0.051737923   
   -0.1074592     
   -0.068452      
   -0.068619022   
   -0.092818779   
   -0.0093972574  
    0.026798556   
   -0.10988871    
   -0.055881963   
   -0.049368552   
   -0.025796978   
    0.028127607   
    0.056175974   
    0.088148566   
   -0.10748996    
   -0.05657175    
   -0.018608522   
    0.021529103   
   -0.031256391   
    0.0094134979  
   -0.064317895   
   -0.13879798    
   -0.021770512   
   -0.091150712   
   -0.1575632     
   -0.053479525   
    0.0064364082  
    0.043114834   
   -0.0050715018  
    0.021974488   
    0.047629369   
   -0.058083556   
   -0.10728777    
    0.016821309   
   -0.14229333    
   -0.13837646    
   -0.090156424   
   -0.10950465    
    0.1204042     
   -0.12196991    
    0.029569241   
   -0.0049782906  
   -0.030850676   
    0.01272364    
    0.0021921947  
    0.013512525   
   -0.051470709   
   -0.029996063   
   -0.050450623   
    0.051731607   
    0.034594872   
   -0.017956793   
    0.034454746   
   -0.02030316    
    0.091393507   
   -0.031116242   
   -0.1259074     
   -0.07583424    
   -0.064204296   
   -0.093583203   
   -0.0060577257  
    0.037201753   
   -0.044403484   
   -0.039337988   
   -0.029631943   
   -0.081444697   
   -0.065409907   
   -0.07400037    
    0.0007005163  
   -0.037962885   
   -0.072507569   
    0.080698999   
   -0.12013996    
    0.036745798   
    0.05562029    
    0.10662591    
    0.0079889427  
    0.065609913   
   -0.12323926    
   -0.085202364   
    0.085581174   
   -0.012487032   
   -0.060876336   
   -0.045643144   
    0.051395016   
   -0.11598668    
   -0.11488212    
    0.093452515   
   -0.028092854   
   -0.125422      
    0.029084492   
   -0.061298199   
   -0.019686662   
   -0.0010961858  
    0.026542849   
   -0.020644899   
   -0.07003719    
   -0.014189024   
    0.092425301   
    0.021155874   
   -0.051126384   
   -0.1149711     
   -0.10709792    
   -0.054112758   
   -0.013556776   
   -0.048993107   
    0.021920506   
   -0.049997175   
   -0.076704332   
   -0.09081862    
    0.0020049671  
   -0.15770491    
    0.035651848   
    0.086958656   
   -0.038080109   
    0.046944288   
   -0.10540975    
   -0.059427486   
   -0.029344864   
   -0.050493344   
    0.094070007   
   -0.052373522   
    0.003186869   
   -0.038151423   
    0.044571046   
   -0.14322488    
    0.0056469117  
   -0.03846907    
   -0.091161444   
   -0.081465987   
   -0.1203788     
   -0.10571692    
   -0.010639197   
   -0.20463724    
   -0.058132366   
   -0.053510638   
   -0.1614739     
    0.078211218   
   -0.067113016   
   -0.0047136592  
   -0.12226865    
   -0.0615048     
    0.095451114   
    0.029006049   
   -0.0052476558  
    0.094862955   
    0.00070121134 
   -0.14371731    
    0.08663976    
   -0.12177462    
   -0.050163602   
   -0.021792432   
   -0.072219539   
   -0.0042789079  
    0.062654716   
   -0.11445588    
   -0.084704476   
   -0.047754009   
   -0.01099677    
   -0.087189672   
    0.17345947    
    0.069239888   
   -0.11798559    
    0.008341379   
    0.087842804   
   -0.07293228    
   -0.089915578   
    0.021814796   
   -0.11168104    
   -0.026844012   
   -0.082468952   
   -0.17395434    
   -0.10318865    
   -0.062842187   
   -0.11164394    
   -0.046331247   
   -0.10742621    
    0.051458788   
   -0.065995568   
   -0.19359183    
    0.0021324442  
    0.075634141   
   -0.13238854    
   -0.053922761   
    0.049827636   
   -0.025759374   
    0.031199652   
   -0.025954583   
   -0.062904881   
    0.026288362   
    0.034778597   
    0.061329727   
   -0.081682725   
   -0.019550482   
   -0.1250106     
    0.045507364   
    0.013794674   
   -0.16055007    
    0.0085834291  
   -0.089871114   
   -0.00042987586 
   -0.12688705    
   -0.13248609    
   -0.0095437523  
   -0.017389322   
   -0.088057067   
   -0.0086253719  
   -0.045580608   
   -0.032502942   
   -0.10416712    
   -0.050887187   
   -0.0052373139  
    0.001806406   
   -0.036402854   
    0.0012555958  
    0.058471074   
    0.083199103   
    0.043892463   
   -0.059343074   
   -0.024835379   
    0.030014519   
    0.087725932   
   -0.17948392    
   -0.066418813   
   -0.066379922   
   -0.053293215   
   -0.07738683    
   -0.1314618     
   -0.16960209    
   -0.09956708    
   -0.021938177   
   -0.038094643   
   -0.056582947   
   -0.099404764   
    0.059807792   
   -0.0098794933  
   -0.097052929   
   -0.090708506   
    0.061181802   
   -0.02397505    
    0.0021763606  
    0.011641157   
   -0.0091311436  
   -0.05675866    
   -0.076706426   
   -0.0071632885  
    0.01712807    
    0.019287782   
    0.025856758   
    0.034731211   
    0.045795456   
   -0.07165015    
    0.092961498   
    0.18576596    
   -0.097999838   
    0.021324949   
   -0.089609469   
   -0.03417161    
   -0.059750896   
   -0.021144482   
   -0.011927923   
    0.030759644   
   -0.0190861     
    0.050912687   
   -0.050659549   
   -0.024803022   
   -0.026788598   
   -0.034021975   
   -0.077242861   
    0.0075139229  
    0.057316657   
    0.04781636    
    0.024110595   
   -0.01310802    
   -0.14423137    
    0.063917766   
    0.058266326   
   -0.096185781   
    0.03699681    
    0.13344087    
   -0.033528771   
   -0.042423586   
   -0.081245881   
   -0.035127016   
   -0.087053145   
    0.16557023    
    0.019255628   
    0.04610932    
   -0.075613163   
   -0.070078623   
   -0.14637606    
   -0.076609455   
   -0.10996272    
   -0.066168673   
    0.024416224   
   -0.0095448582  
   -0.052626219   
    0.041726341   
   -5.9630624e-05 
    0.10642972    
   -0.083915444   
   -0.015142739   
    0.023199065   
   -0.069529049   
   -0.026697265   
   -0.091037309   
   -0.16134446    
   -0.026532357   
   -0.14503453    
    0.032782986   
   -0.13122828    
   -0.23792385    
   -0.01899378    
    0.030875206   
    0.017993837   
   -0.037916011   
   -0.070128412   
   -0.07299474    
   -0.10490624    
    0.12073057    
    0.0031974972  
    0.0064258688  
   -0.13451632    
   -0.011595311   
    0.11342657    
   -0.051278858   
   -0.017837914   
   -0.070733404   
   -0.11539249    
    0.01995116    
   -0.065135863   
   -0.033742734   
   -0.038067169   
    0.031273092   
    0.057991168   
   -0.0064018663  
   -0.08768302    
    0.073958125   
   -0.046961478   
    0.067585959   
   -0.052900801   
   -0.023957609   
    0.053792285   
    0.0079742757  
    0.011359698   
    0.11560944    
   -0.050984119   
    0.012266954   
   -0.14512814    
   -0.16883909    
    0.030730231   
    0.11689502    
   -0.10596577    
    0.021666195   
   -0.058759329   
   -0.26427935    
   -0.13954811    
    0.021994204   
   -0.19227512    
   -0.13092228    
    0.010954699   
   -0.1167728     
   -0.11798299    
   -0.00030503717 
   -0.10757489    
   -0.057992135   
   -0.048251654   
    0.014934089   
    0.12649183    
    0.036718649   
   -0.046582647   
   -0.01235213    
   -0.011442465   
   -0.11795224    
   -0.13170494    
   -0.12680624    
   -0.094932492   
    0.053835053   
   -0.056146567   
    0.11922412    
    0.070392122   
   -0.066217469   
    0.057883674   
    0.036026685   
   -0.065455016   
    0.036631633   
    0.019332946   
   -0.029105098   
    0.0050887659  
   -0.048398717   
    0.088502095   
    0.03126842    
   -0.016341132   
   -0.03592647    
    0.026433821   
   -0.019745154   
   -0.13738518    
    0.018134774   
    0.0087349041  
   -0.10021364    
    0.035852564   
   -0.049438033   
   -0.082397815   
   -0.11496585    
   -0.052496298   
   -0.057758608   
   -0.018425337   
    0.033593927   
    0.0023959934  
   -0.043880908   
    0.095526606   
    0.037278099   
   -0.0095462958  
    0.045307721   
    0.14142567    
    0.011075704   
    0.015103313   
   -0.12993832    
   -0.045645178   
    0.051130159   
    0.0061473105  
   -0.017965966   
   -0.058080209   
   -0.1246328     
    0.060404992   
   -0.12728684    
   -0.11326335    
    0.060193508   
   -0.1277677     
    0.045339365   
   -0.049680046   
   -0.055174826   
   -0.00093599529 
   -0.13653469    
   -0.12868189    
   -0.17230451    
    0.030509732   
   -0.14768256    
    0.032549736   
    0.13342096    
   -0.037100358   
   -0.019172925   
   -0.08544553    
   -0.020405924   
    0.057320525   
   -0.0027671364  
   -0.044380045   
    0.058161689   
   -0.075315145   
   -0.046978358   
    0.064058277   
    0.08436937    
   -0.052989746   
   -0.043682105   
   -0.10714438    
    0.077398644   
   -0.06501154    
    0.008204155   
    0.0001869276  
   -0.076206578   
   -0.0099630006  
   -0.14552355    
    0.010185973   
    0.064724814   
    0.018653162   
    0.080403193   
   -0.16804665    
   -0.049222694   
   -0.0032760338  
    0.006444019   
   -0.053072192   
    0.01290549    
   -0.035259728   
   -0.069470335   
    0.10786154    
   -0.14463851    
   -0.022144386   
   -0.084018081   
   -0.045260102   
    0.023311412   
   -0.12072029    
    0.044235631   
   -0.055039341   
   -0.015757479   
   -0.08016167    
    0.015556288   
    0.043633166   
   -0.0015006447  
    0.024401161   
    0.0064445454  
   -0.088516937   
   -0.047234749   
   -0.11151875    
   -0.032285293   
   -0.020478605   
   -0.11366641    
   -0.0879002     
   -0.092017808   
   -0.075786102   
    0.058018685   
   -0.082735532   
   -0.035546831   
   -0.012136744   
   -0.12039387    
   -0.11953741    
    0.069557379   
   -0.094643194   
    0.020766294   
   -0.11150482    
    0.016697647   
   -0.15258443    
    0.0026366293  
    0.04353334    
   -0.04977007    
   -0.15475297    
   -0.0089417166  
   -0.005369833   
   -0.059730997   
   -0.11861675    
   -0.020588983   
   -0.014187668   
   -0.02606984    
   -0.043501658   
    0.10472521    
    0.0087071286  
    0.12188905    
   -0.061084558   
   -0.035424613   
   -0.0092129326  
    0.0025187625  
    0.030619273   
    0.011241665   
   -0.10425675    
    0.068886915   
    0.029340695   
   -0.039750252   
   -0.082596465   
   -0.069536324   
    0.003028473   
   -0.12136931    
   -0.1222404     
   -0.095271911   
    0.0089531245  
    0.13796655    
    0.011870068   
   -0.035882439   
   -0.014408175   
   -0.13937715    
    0.019839223   
    0.029555316   
   -0.01566161    
    0.0023440893  
   -0.072263296   
   -0.02407908    
    0.058286487   
    0.062094603   
   -0.14124549    
   -0.012082829   
    0.016479469   
   -0.07619929    
    0.093813668   
   -0.045006225   
   -0.025693063   
    0.0007478292  
   -0.030244259   
   -0.013231237   
   -0.0042298219  
   -0.10207023    
   -0.06370806    
   -0.0071160904  
   -0.071931524   
    0.044570322   
   -0.106412      
    0.0025915442  
   -0.09480269    
   -0.12801123    
   -0.049484338   
    0.06570383    
   -0.0047949729  
    0.02141151    
   -0.059474597   
   -0.18522436    
   -0.07135863    
   -0.056098137   
    0.029156021   
   -0.021228655   
    0.13287174    
   -0.01107256    
    0.13149036    
   -0.060425308   
   -0.012425427   
    0.04977628    
   -0.030490874   
    0.0087634526  
   -0.20151123    
   -0.081917016   
   -0.0011136129  
   -0.087851746   
   -0.16328676    
   -0.070037735   
    0.025662546   
   -0.11362006    
    0.061366131   
   -0.045443681   
    0.14676255    
   -0.0058585026  
    0.098186295   
   -0.01674477    
   -0.0016236391  
    0.028407625   
    0.072256478   
   -0.01045516    
   -0.023281435   
   -0.15960813    
   -0.096934055   
   -0.057208089   
   -0.13191408    
   -0.08085518    
   -0.087931145   
    0.012360515   
    0.0025393132  
    0.02431164    
   -0.027552415   
    0.047325714   
   -0.091993698   
   -0.043009068   
   -0.012178267   
    0.039514346   
   -0.0019519564  
   -0.025828222   
   -0.050066695   
   -0.13393424    
   -0.018956758   
   -0.061572429   
   -0.059323205   
   -0.00051826587 
   -0.030019408   
   -0.032847317   
   -0.031432821   
   -0.0038177296  
   -0.060265576   
   -0.087038514   
   -0.036810949   
   -0.068996756   
   -0.014836561   
   -0.047416462   
   -0.1891959     
   -0.036172464   
   -0.17033346    
   -0.05077513    
    0.052512658   
    0.041041731   
   -0.065670543   
   -0.017680557   
    0.011757955   
   -0.036593278   
    0.056836234   
    0.025317473   
   -0.014943844   
    0.02828302    
    0.038382262   
   -0.050470871   
    0.078787939   
    0.028249974   
   -0.016167049   
   -0.15184988    
   -0.18186053    
   -0.11823651    
    0.010538162   
   -0.21318447    
   -0.078437979   
   -0.088438266   
   -0.013886929   
   -0.091489425   
   -0.16785634    
   -0.078461998   
    0.048474009   
    0.11698268    
    0.0003024547  
    0.14229357    
   -0.063689415   
   -0.041021694   
   -0.074286688   
   -0.079561321   
   -0.054635335   
   -0.014871263   
    0.021028551   
   -0.096448876   
   -0.12045597    
   -0.011667951   
   -0.068768427   
   -0.075972765   
   -0.12707929    
    0.0080028474  
   -0.005788191   
   -0.037657108   
   -0.0089403286  
    0.0063229486  
   -0.047000803   
   -0.00067804205 
   -0.092276988   
   -0.13046435    
    0.04100393    
   -0.14991471    
    0.015789686   
   -0.048559451   
    0.0033701463  
   -0.050584712   
   -0.054585077   
    0.036559526   
    0.060200927   
   -0.062036436   
    0.069828182   
   -0.034234932   
   -0.09637616    
   -0.055745927   
   -0.010439399   
   -0.10722209    
   -0.01892733    
   -0.090004217   
    0.031238639   
   -0.076118084   
   -0.091145533   
   -0.043155967   
   -0.042501944   
   -0.097227355   
   -0.051483122   
    0.036776463   
    0.055115275   
    0.03531551    
    0.01156831    
   -0.038171967   
   -0.12186761    
   -0.023581113   
    0.051741201   
   -0.045274203   
   -0.059495101   
    0.10723963    
    0.0066926323  
   -0.013516697   
   -0.083192527   
   -0.09286454    
   -0.0046603704  
   -0.21880829    
   -0.22203766    
   -0.03005235    
    0.051515003   
   -0.023786006   
    0.053170323   
   -0.1280929     
    0.013219677   
    0.0500556     
   -0.086172718   
   -0.053802632   
    0.054622028   
   -0.076954603   
   -0.11111547    
    0.077070234   
    0.0042363668  
    0.077134741   
    0.051857596   
   -0.067411145   
   -0.083810046   
    0.006306793   
   -0.17848654    
    0.030335569   
   -0.075030361   
   -0.093315203   
   -0.060180997   
   -0.042770405   
    0.057748915   
   -0.092679452   
    0.01254489    
   -0.05404774    
   -0.099860757   
    0.010889144   
   -0.10056072    
    0.040756756   
   -0.022348113   
   -0.11670269    
   -0.12973854    
   -0.095786922   
    0.040084529   
   -0.066461168   
   -0.019219458   
    0.0011058309  
    0.022759077   
    0.068317975   
   -0.1697189     
   -0.022975389   
   -0.038338208   
   -0.04336642    
   -0.1336904     
    0.003229166   
   -0.11456904    
   -0.092583545   
   -0.14826299    
   -0.041508093   
   -0.098985251   
   -0.057405308   
   -0.070500216   
   -0.058260618   
   -0.14931075    
   -0.085081981   
   -0.03318841    
   -0.086761685   
   -0.061742964   
    0.0090528022  
    0.028278699   
   -0.058719746   
    0.040814525   
    0.0045977924  
   -0.087749302   
    0.10394068    
   -0.060623045   
   -0.088708178   
   -0.05615684    
   -0.058349715   
   -0.079301192   
   -0.13278719    
   -0.063387681   
    0.096895283   
   -0.03009341    
    0.026673582   
    0.18704758    
   -0.081816615   
   -0.052118514   
   -0.13227357    
   -0.027289982   
   -0.077499965   
    0.063109312   
   -0.0089457401  
    0.067093316   
    0.045245124   
   -0.14388472    
   -0.11687447    
    0.020381495   
    0.026318739   
    0.0019453697  
    0.046952498   
   -0.0018789247  
   -0.063524199   
   -0.037849615   
   -0.11884343    
   -0.021219574   
   -0.11340606    
    0.13462089    
   -0.24566057    
   -0.11051345    
   -0.1435239     
   -0.010775408   
    0.035293338   
    0.053041671   
    0.050623231   
    0.020376213   
   -0.056777217   
   -0.061286111   
    0.10595571    
   -0.0069994625  
    0.068974759   
   -0.074282712   
   -0.034543486   
    0.077796864   
    0.023994741   
   -0.082355211   
    0.12764185    
   -0.017612996   
   -0.13372351    
    0.099862077   
   -0.059603318   
   -0.041678033   
   -0.11548774    
   -0.16837117    
   -0.054874941   
   -0.14423956    
    0.046126288   
    0.025044299   
    0.12221892    
    0.027452257   
   -0.074484803   
    0.041458387   
    0.034812554   
   -0.024374556   
    0.1479983     
   -0.075710472   
   -0.072589412   
   -0.043696621   
    0.027256707   
   -0.045872986   
   -0.069647402   
    0.071541738   
   -0.086684968   
   -0.098769284   
    0.010862916   
   -0.22425005    
   -0.03459749    
    0.0005073128  
   -0.10569977    
    0.038477405   
   -0.051153923   
    0.06196363    
    0.04448151    
    0.089375039   
    0.060848329   
   -0.01657327    
   -0.0017185389  
   -0.14801813    
   -0.0018194482  
   -0.019039819   
    0.03625047    
   -0.12818291    
   -0.022291073   
   -0.072268786   
   -0.00047516148 
   -0.033879306   
    0.026224526   
   -0.010379176   
   -0.076331873   
    0.012391896   
   -0.00059218124 
   -0.13186693    
    0.044665083   
   -0.110121      
    0.042492306   
   -0.01367835    
   -0.00017984389 
    0.010968994   
   -0.046040022   
   -0.028029448   
   -0.16490449    
   -0.0056566     
    0.017265761   
   -0.12243598    
   -0.12047817    
   -0.11854323    
   -0.10028174    
    0.076561465   
    0.0020190056  
    0.063220038   
    0.060633004   
   -0.078523277   
    0.030544889   
    0.014131249   
    0.047877679   
    0.014858018   
   -0.0028247043  
   -0.061950568   
   -0.072113084   
    0.091742854   
   -0.016727065   
   -0.068499881   
   -0.0045926167  
    0.078069643   
   -0.11113632    
   -0.052938578   
    0.0030335504  
   -0.031467086   
   -0.014168493   
   -0.098351655   
   -0.088979157   
   -0.057453416   
    0.0017028878  
   -0.048333053   
    0.070008626   
    0.073634999   
   -0.073929764   
    0.027533802   
   -0.25486316    
    0.018880647   
    0.066515725   
    0.046121072   
   -0.12693469    
   -0.16740116    
   -0.14728106    
    0.021849377   
    0.018192986   
   -0.052239466   
   -0.062540096   
   -0.048110216   
    0.075518199   
    0.03805467    
   -0.083404905   
   -0.0077846269  
   -0.12180631    
   -0.0067069611  
    0.062164179   
   -0.01591875    
   -0.013634787   
    0.085427461   
    0.037382121   
   -0.04528144    
   -0.028095279   
    0.013444694   
   -0.060063958   
    0.088284207   
   -0.041047895   
    0.031997018   
    0.016718461   
   -0.04368355    
   -0.02929176    
    0.023447465   
   -0.052735465   
   -0.058768778   
   -0.11825291    
    0.049784235   
   -0.017162485   
   -0.095146373   
    0.012610331   
   -0.055101765   
    0.0037176582  
    0.00046478684 
    0.069123253   
   -0.031367667   
    0.029031472   
   -0.011470734   
    0.038697443   
   -0.047696789   
   -0.055672404   
   -0.1430937     
    0.023934855   
   -0.088739719   
   -0.034273482   
   -0.010335141   
   -0.066573013   
   -0.012597563   
   -0.06677096    
   -0.10254231    
   -0.070311723   
   -0.038983374   
    0.025465993   
    0.092275921   
   -0.046655248   
   -0.16640983    
    0.088850012   
    0.04865609    
   -0.026128228   
    0.01156804    
   -0.1044084     
    0.0035190335  
    0.049350283   
   -0.1419011     
   -0.02145592    
   -0.023778442   
    0.035362902   
   -0.13252474    
   -0.11893759    
   -0.10768576    
    0.051716162   
   -0.06002276    
   -0.066428396   
    0.13803682    
    0.042740196   
   -0.11273058    
   -0.040929327   
    0.0011027908  
   -0.043856815   
   -0.0087039088  
   -0.028867325   
    0.054159696   
    0.053196548   
   -0.11950608    
   -0.0099119144  
   -0.052877265   
   -0.17710007    
    0.13341671    
   -0.11047327    
   -0.023766361   
    0.018628055   
    0.0027006105  
   -0.021997175   
    0.042089032   
   -0.088313021   
    0.05133172    
    0.017704024   
   -0.020797976   
    0.04261632    
    0.040930086   
    0.024334124   
   -0.1060005     
   -0.14634159    
    0.021227653   
    0.078283037   
   -0.026294973   
   -0.050030698   
    0.059723557   
    0.057554372   
   -0.088599428   
   -0.11966633    
   -0.12708134    
    0.04880026    
    0.00041346809 
   -0.10538669    
    0.08016484    
    0.090776807   
    0.012336846   
    0.11590314    
   -0.021261366   
   -0.063332404   
   -0.13220691    
   -0.042139931   
   -0.10358088    
    0.10558834    
   -0.043977557   
   -0.095845845   
   -0.098097924   
   -0.10912863    
    0.071816281   
    0.023284715   
    0.076200192   
    0.058022206   
   -0.073527895   
   -0.11913284    
   -0.057402582   
    0.018378776   
   -0.014539524   
   -0.0033231069  
   -0.041270352   
   -0.043616336   
   -0.060737752   
   -0.073097935   
    0.0079006176  
    0.0077355712  
    0.024596971   
   -0.027406948   
   -0.16126585    
    0.0096579316  
   -0.10006597    
   -0.012223829   
   -0.072325226   
   -0.034962433   
   -0.084563239   
   -0.03854299    
   -0.061709508   
    0.035610718   
   -0.025917661   
   -0.13316617    
   -0.043374366   
